((("printer" .
             [1 0 0 0 0 0 0])
  ("source" .
            [1 0 0 0 0 0])
  ("domains" .
             [1 0 0 0 0 0 0])
  ("crawler" .
             [1 0 0 0 0 0 0])
  ("num_of_worker" .
                   [2 0 0 0 0 0 0 1 0 0 0 0 0])
  ("thread_workers" .
                    [0 0 0 0 0 0 0 0 0 0 0 1 0 0])
  ("do_work" .
             [5 0 0 0 0 0 0])
  ("worker" .
            [2 0 0 0 0 0])
  ("quote_url" .
               [1 0 0 0 0 0 0 0 0])
  ("quote" .
           [3 0 0 0 0])
  ("ul" .
        [1 0])
  ("quotes" .
            [1 0 0 0 0 0])
  ("remove_other_link" .
                       [2 0 0 0 0 0 0 0 0 0 0 0 0 0 0 0 0])
  ("eval_links" .
                [1 0 0 0 0 0 0 0 0 0])
  ("url_base" .
              [3 0 0 0 0 0 0 0])
  ("url_curr" .
              [1 0 0 0 0 0 0 0])
  ("tag" .
         [1 0 0])
  ("sanitize_tags" .
                   [2 0 0 0 0 0 0 0 0 0 0 0 0])
  ("gethrefs" .
              [1 0 0 0 0 0 0 0])
  ("filter_url" .
                [4 0 0 0 0 0 0 0 0 0])
  ("relative_to_absolute" .
                          [0 0 0 0 0 0 1 0 0 0 0 1 0 0 0 0 0 0 0 0])
  ("urljoin" .
             [2 0 0 0 0 0 0])
  ("getlinks" .
              [3 0 0 0 0 0 0 0])
  ("geturl" .
            [2 0 0 0 0 0])
  ("url3" .
          [6 0 0 0])
  ("baseURL" .
             [2 0 0 0 0 0 0])
  ("norm_url" .
              [1 0 0 0 0 0 0 0])
  ("netloc" .
            [10 0 0 0 0 0])
  ("scheme" .
            [14 0 0 0 0 0])
  ("urlparse" .
              [9 0 0 0 0 0 0 0])
  ("href" .
          [1 0 0 0])
  ("links" .
           [13 0 0 0 0])
  ("soup1" .
           [2 0 0 0 0])
  ("soup" .
          [10 0 0 0])
  ("readurl" .
             [3 0 0 0 0 0 0])
  ("set_text" .
              [1 0 0 0 0 0 0 0])
  ("Node" .
          [1 0 0 0])
  ("ted_html" .
              [1 0 0 0 0 0 0 0])
  ("url1" .
          [6 0 0 0])
  ("html_to_block" .
                   [1 0 0 0 0 0 0 0 1 0 0 0 0])
  ("ted" .
         [1 0 0])
  ("url2" .
          [3 0 0 0])
  ("Hoge" .
          [2 0 0 0])
  ("__init__" .
              [0 0 0 0 0 0 1 0])
  ("case" .
          [1 0 0 0])
  ("foreach" .
             [1 0 0 0 0 0 0])
  ("toUpper" .
             [1 0 0 0 0 0 0])
  ("println" .
             [4 0 0 0 0 0 0])
  ("read_url" .
              [1 0 0 0 0 0 0 0])
  ("UA" .
        [1 0])
  ("Errno::ETIMEDOUT" .
                      [1 0 0 0 0 0 0 0 0 0 0 0 0 0 0 0])
  ("OpenSSL::SSL::SSLError" .
                            [2 0 0 0 0 0 0 0 0 0 0 0 0 0 0 0 0 0 0 0 0 0])
  ("toutf8" .
            [1 0 0 0 0 0])
  ("open_url" .
              [2 0 0 0 0 0 0 0])
  ("url" .
         [36 0 0])
  ("call" .
          [1 0 0 0])
  ("param" .
           [3 0 0 0 0])
  ("input_id" .
              [3 0 0 0 0 0 0 0])
  ("string->codepoints" .
                        [1 0 0 0 0 0 0 0 0 0 0 0 0 0 0 0 0 0])
  ("base10->hex" .
                 [1 0 0 0 0 0 0 0 0 0 0])
  ("tor-resolve" .
                 [1 0 0 0 0 0 0 0 0 0 0])
  ("-x" .
        [1 0])
  ("IP" .
        [2 0])
  ("/dev/null" .
               [1 0 0 0 0 0 0 0 0])
  ("-s" .
        [1 0])
  ("curl" .
          [2 0 0 0])
  ("2px" .
         [2 0 0])
  ("style-norm" .
                [2 0 0 0 0 0 0 0 0 0])
  ("article" .
             [1 0 0 0 0 0 0])
  ("yes" .
         [1 0 0])
  ("-ge" .
         [1 0 0])
  ("read-series" .
                 [1 0 0 0 0 0 0 0 0 0 0])
  ("math.std" .
              [1 0 0 0 0 0 0 0])
  ("calc-bits-length" .
                      [0 0 0 0 0 1 0 0 0 0 0 0 0 0 0 0])
  ("x->number" .
               [1 0 0 0 0 0 0 0 0])
  ("hook" .
          [4 0 0 0])
  ("restore" .
             [4 0 0 0 0 0 0])
  ("gnuplot" .
             [1 0 0 0 0 0 0])
  ("highlight-indentation-mode" .
                                [1 0 0 0 0 0 0 0 0 0 0 0 0 0 0 0 0 0 0 0 0 0 0 0 0 0])
  ("highlight-symbol-at-point" .
                               [0 0 0 0 0 0 0 0 0 0 0 0 1 0 0 0 0 0 0 0 0 0 0 0 0])
  ("indent-to" .
               [0 0 0 0 0 0 0 0 1])
  ("indent-tabs-mode" .
                      [2 0 0 0 0 0 0 0 0 0 0 0 0 0 0 0])
  ("run-encode" .
                [3 0 0 0 0 0 1 0 0 0])
  ("out-filename" .
                  [1 0 0 0 0 0 0 0 0 0 0 0])
  ("in-filename" .
                 [1 0 0 0 0 0 0 0 0 0 0])
  ("append-map" .
                [1 0 0 0 0 0 0 0 0 0])
  ("out-port" .
              [1 0 0 0 0 0 0 0])
  ("in-port" .
             [1 0 0 0 0 0 0])
  ("encode-data" .
                 [1 0 0 0 0 0 0 0 0 0 0])
  ("ica" .
         [1 0 0])
  ("weights" .
             [9 0 0 0 0 0 0])
  ("prev-weight" .
                 [2 0 0 0 0 0 0 0 0 0 0])
  ("make-init-vector" .
                      [0 0 0 0 0 0 0 0 0 1 0 0 0 0 0 0])
  ("find-opt-weight" .
                     [0 0 0 0 0 0 0 0 1 0 0 0 0 0 0])
  ("othogonalize" .
                  [0 0 0 0 2 0 0 0 0 0 0 0])
  ("kurt-with-weight" .
                      [0 0 0 0 0 0 0 0 0 1 1 0 0 0 0 0])
  ("new-weight" .
                [1 0 0 0 0 0 0 0 0 0])
  ("step" .
          [1 0 0 0])
  ("0.5" .
         [1 0 0])
  ("gradient" .
              [3 0 0 0 0 0 0 0])
  ("0.1" .
         [1 0 0])
  ("show-kurt" .
               [0 0 0 0 0 0 0 0 1])
  ("show-gradient-360" .
                       [1 0 0 0 0 0 0 0 0 0 0 0 0 0 0 0 0])
  ("show-gradient" .
                   [2 0 0 0 0 0 0 0 0 0 0 0 0])
  ("norm" .
          [2 0 0 0])
  ("inner-product" .
                   [2 0 0 0 0 0 1 0 1 1 0 0 0])
  ("kurt" .
          [4 0 0 0])
  ("power" .
           [4 0 0 0 0])
  ("calc-gradient" .
                   [1 0 0 0 0 0 0 2 0 0 0 0 0])
  ("xs" .
        [4 0])
  ("show-whitening" .
                    [0 0 0 0 0 0 0 0 1 0 0 0 0 0])
  ("trial" .
           [3 0 0 0 0])
  ("transform" .
               [1 0 0 0 0 0 0 0 0])
  ("vector->matrix" .
                    [4 0 0 0 0 0 0 0 0 0 0 0 0 0])
  ("z" .
       [1])
  ("angle-3600" .
                [1 0 0 0 0 0 0 0 0 0])
  ("angle-360" .
               [2 0 0 0 0 0 0 0 0])
  ("10.0" .
          [1 0 0 0])
  ("to-signal" .
               [1 0 0 0 0 0 0 0 0])
  ("pi" .
        [2 0])
  ("point->radius" .
                   [2 0 0 0 0 0 0 0 0 0 0 0 0])
  ("point->angle" .
                  [3 0 0 0 0 0 0 0 0 0 0 0])
  ("normalize" .
               [3 0 0 0 0 0 0 0 0])
  ("radius->point" .
                   [1 0 0 0 0 0 1 0 0 0 0 0 0])
  ("angle->point" .
                  [4 0 0 0 0 0 0 0 0 0 0 0])
  ("zs" .
        [12 0])
  ("show-kurt-360" .
                   [2 0 0 0 0 0 0 0 0 0 0 0 1])
  ("2.7" .
         [1 0 0])
  ("0.0" .
         [2 0 0])
  ("vars" .
          [20 0 0 0])
  ("2.0" .
         [1 0 0])
  ("-3.4" .
          [1 0 0 0])
  ("x->string" .
               [1 0 0 0 0 0 0 0 0])
  ("math.matrix" .
                 [3 0 0 0 0 0 0 0 0 0 0])
  ("$_SESSION" .
               [4 0 0 0 0 0 0 0 0])
  ("$_COOKIE" .
              [1 0 0 0 0 0 0 0])
  ("$f" .
        [1 0])
  ("$v2" .
         [1 0 0])
  ("$k" .
        [1 0])
  ("$query" .
            [4 0 0 0 0 0])
  ("$v" .
        [5 0])
  ("$argv" .
           [3 0 0 0 0])
  ("$_POST" .
            [1 0 0 0 0 0])
  ("residual" .
              [2 0 0 0 0 0 0 0])
  ("-" .
       [1])
  ("to-zero" .
             [2 0 0 0 0 0 0])
  ("filter$" .
             [1 0 0 0 0 0 0])
  ("take-while" .
                [1 0 0 0 0 0 0 0 0 0])
  ("partition-count" .
                     [0 0 0 2 0 0 1 0 0 0 0 0 0 0 0])
  ("caddr" .
           [1 0 0 0 0])
  ("square?" .
             [0 0 1 0 0 0 0])
  ("x->integer" .
                [2 0 0 0 0 0 0 0 0 0])
  ("x" .
       [4])
  ("slices" .
            [2 0 0 0 0 0])
  ("digit->number" .
                   [1 0 0 0 1 0 0 0 0 0 0 0 0])
  ("permutation" .
                 [0 0 0 0 0 1 0 0 0 0 0])
  ("soroban" .
             [1 0 0 0 0 0 0])
  ("xpath" .
           [3 0 0 0 0])
  ("page" .
          [3 0 0 0])
  ("Math::PI" .
              [1 0 0 0 0 0 0 0])
  ("Math" .
          [4 0 0 0])
  (":none" .
           [1 0 0 0 0])
  ("map$" .
          [5 0 0 0])
  ("apply$" .
            [4 0 0 0 0 0])
  ("<list>" .
            [2 0 0 0 0 0])
  ("slot-ref" .
              [1 0 0 0 0 0 0 0])
  ("bs" .
        [4 0])
  ("new-point" .
               [3 0 0 0 0 0 0 0 0])
  ("symbol" .
            [6 0 0 0 0 0])
  (":right" .
            [2 0 0 0 0 0])
  (":down" .
           [2 0 0 0 0])
  (":up" .
         [1 0 0])
  (":left" .
           [2 0 0 0 0])
  ("get-direction-point" .
                         [1 0 0 0 0 0 0 0 0 0 0 0 0 0 0 0 0 0 0])
  ("call-with-validate" .
                        [1 0 0 0 0 0 0 0 0 0 0 0 0 0 0 0 0 0])
  (":board-state" .
                  [1 0 0 0 0 0 0 0 0 0 0 0])
  ("slot-set!" .
               [1 0 0 0 0 0 0 0 0])
  ("/-n" .
         [4 0 0])
  ("div-list" .
              [1 0 0 0 0 0 0 0])
  (":goal" .
           [2 0 0 0 0])
  (":direction" .
                [2 0 0 0 0 0 0 0 0 0])
  (".$" .
        [2 0])
  ("is-valid?" .
               [2 0 0 0 0 0 0 0 0])
  (":init-keyword" .
                   [1 0 0 0 0 0 0 0 0 0 0 0 0])
  (":" .
       [5])
  ("add-list" .
              [7 0 0 0 0 0 0 0])
  ("*quit*" .
            [2 0 0 0 0 0])
  ("is-invalid?" .
                 [2 0 0 0 0 0 0 0 0 0 0])
  ("new-y" .
           [3 0 0 0 0])
  ("new-x" .
           [3 0 0 0 0])
  ("do-nothing" .
                [4 0 0 0 0 0 0 0 0 0])
  ("ref-curr-point" .
                    [6 0 0 0 0 0 0 0 0 0 0 0 0 0])
  ("<board-state>" .
                   [3 0 0 0 0 0 0 0 0 0 0 0 0])
  ("dynamic" .
             [0 0 1 0 0 0 0])
  ("call-with-pair" .
                    [3 0 0 0 0 0 0 0 0 0 0 0 0 0])
  ("board-state" .
                 [23 0 0 0 0 0 0 0 0 0 0])
  ("set-point!" .
                [7 0 0 0 0 0 0 0 0 0])
  ("at" .
        [3 0])
  ("setter" .
            [2 0 0 0 0 0])
  ("*list*" .
            [1 0 0 0 0 0])
  ("?=" .
        [41 0])
  ("values*" .
             [3 0 0 0 0 0 0])
  ("avalues" .
             [1 0 0 0 0 0 0])
  (":maze-state" .
                 [1 0 0 0 0 0 0 0 0 0 0])
  ("move!" .
           [7 0 0 0 0])
  ("get-pos" .
             [5 0 0 0 0 0 0])
  ("pair" .
          [15 0 0 0])
  (":state" .
            [1 0 0 0 0 0])
  ("let-keywords" .
                  [3 0 0 0 0 0 0 0 0 0 0 0])
  ("m" .
       [15])
  ("srfi-11" .
             [1 0 0 0 0 0 0])
  ("get-direction" .
                   [2 0 0 0 0 0 1 0 0 0 0 0 0])
  (":age" .
          [2 0 0 0])
  (":name" .
           [3 0 0 0 0])
  ("person" .
            [4 0 0 0 0 0])
  ("update!" .
             [1 0 0 0 0 0 0])
  ("y" .
       [1])
  ("get-state" .
               [3 0 0 0 0 0 0 0 0])
  ("get-maze" .
              [16 0 0 0 0 0 0 0])
  ("maze-set!" .
               [1 0 0 0 0 0 0 0 0])
  ("game-end" .
              [1 0 0 0 0 0 0 0])
  ("game" .
          [1 0 0 0])
  ("*game-end*" .
                [1 0 0 0 0 0 1 0 0 0])
  ("dx" .
        [12 0])
  ("-1" .
        [14 0])
  ("dy" .
        [12 0])
  ("make-maze-state" .
                     [5 0 0 0 0 1 0 1 0 0 0 0 0 0 0])
  ("matrix" .
            [1 0 0 0 0 0])
  ("direction" .
               [17 0 0 0 0 0 0 0 0])
  ("generate-maze" .
                   [0 0 0 0 0 0 1 0 0 0 0 0 0])
  ("next-maze-state" .
                     [1 0 0 0 0 0 0 0 0 0 0 0 0 0 0])
  ("show-maze" .
               [7 0 0 0 0 0 0 0 0])
  ("maze-state" .
                [22 0 0 0 0 0 0 0 0 0])
  ("*hello*" .
             [1 0 0 0 0 0 0])
  ("*" .
       [1])
  ("corutine-init" .
                   [2 0 0 0 0 0 0 0 0 0 0 0 0])
  ("tasks" .
           [2 0 0 0 0])
  ("aiueo" .
           [2 0 0 0 0])
  ("q" .
       [5])
  ("ini" .
         [2 0 0])
  ("looping" .
             [1 0 0 0 0 0 0])
  ("resume-here" .
                 [1 0 0 0 0 0 0 0 0 0 0])
  ("*resume*" .
              [1 0 0 0 0 0 0 0])
  ("double2" .
             [2 0 0 0 0 0 0])
  ("call-with-console-base" .
                            [1 0 0 0 0 0 0 0 0 0 0 0 0 0 0 0 0 0 0 0 0 0])
  ("basic-console" .
                   [1 0 0 0 0 0 0 0 0 0 0 0 0])
  ("break" .
           [1 0 0 0 0])
  ("quit" .
          [2 0 0 0])
  ("fold" .
          [2 0 0 0])
  ("exit?" .
           [2 0 0 0 0])
  ("is" .
        [1 0])
  ("call-with-console" .
                       [5 0 0 0 0 0 0 0 0 0 0 0 0 0 0 0 0])
  ("console" .
             [2 0 0 0 0 0 0])
  ("div-cps" .
             [1 0 0 0 0 0 0])
  ("pass" .
          [1 0 0 0])
  ("fact-cps" .
              [4 0 0 0 0 0 0 0])
  ("cont" .
          [21 0 0 0])
  ("prev-value" .
                [1 0 0 0 0 0 0 0 0 0])
  ("fact" .
          [2 0 0 0])
  ("1-" .
        [2 0])
  ("gen" .
         [6 0 0])
  ("resume" .
            [2 0 0 0 0 0])
  ("add-1" .
           [1 0 0 0 0])
  ("1+" .
        [7 0])
  ("fn" .
        [34 0])
  ("ptr" .
         [4 0 0])
  ("*next*" .
            [5 0 0 0 0 0])
  ("generator-block" .
                     [1 0 0 0 0 0 0 0 0 0 0 0 0 0 0])
  ("lst" .
         [4 0 0])
  ("prop" .
          [2 0 0 0])
  ("memo" .
          [3 0 0 0])
  ("to_f" .
          [4 0 0 0])
  ("float" .
           [1 0 0 0 0])
  ("lists" .
           [13 0 0 0 0])
  ("proxy2" .
            [1 0 0 0 0 0])
  ("proxy1" .
            [3 0 0 0 0 0])
  ("proxy" .
           [1 0 0 0 0])
  ("sha1" .
          [1 0 0 0])
  ("alert" .
           [3 0 0 0 0])
  ("direct" .
            [1 0 0 0 0 0])
  ("return" .
            [26 0 0 0 0 0])
  ("privoxy" .
             [2 0 0 0 0 0 0])
  ("RequestURI" .
                [1 0 0 0 0 0 0 0 0 0])
  ("HandleFunc" .
                [1 0 0 0 0 0 0 0 0 0])
  ("portname" .
              [1 0 0 0 0 0 0 0])
  ("Render" .
            [1 0 0 0 0 0])
  ("Echo" .
          [1 0 0 0])
  ("limited" .
             [5 0 0 0 0 0 0])
  ("host" .
          [7 0 0 0])
  ("handleFile" .
                [1 0 0 0 0 0 0 0 0 0])
  ("hostname" .
              [1 0 0 0 0 0 0 0])
  ("tmpl" .
          [2 0 0 0])
  ("Fatal" .
           [1 0 0 0 0])
  ("HOST" .
          [3 0 0 0])
  ("template" .
              [2 0 0 0 0 0 0 0])
  ("PORT" .
          [5 0 0 0])
  ("port" .
          [20 0 0 0])
  ("StartServer" .
                 [1 0 0 0 0 0 0 0 0 0 0])
  ("Start" .
           [3 0 0 0 0])
  ("correct" .
             [1 0 0 0 0 0 0])
  ("answers" .
             [5 0 0 0 0 0 0])
  ("TorF" .
          [1 0 0 0])
  ("Div" .
         [1 0 0])
  ("MAX_LOOP" .
              [0 0 0 0 0 1 0 0])
  ("learningFaces" .
                   [1 0 0 0 0 0 0 0 0 0 0 0 0])
  ("learningAns" .
                 [1 0 0 0 0 0 0 0 0 0 0])
  ("vectors" .
             [1 0 0 0 0 0 0])
  ("Log2" .
          [1 0 0 0])
  ("facesVector" .
                 [1 0 0 0 0 1 0 0 0 0 0])
  ("GetFacesFromFile" .
                      [1 0 0 0 0 0 0 0 0 0 0 0 0 0 0 0])
  ("LItems" .
            [2 0 0 0 0 0])
  ("MakeLItems" .
                [2 0 0 0 0 0 0 0 0 0])
  ("GetFaces" .
              [1 0 0 0 0 0 0 0])
  ("Charset" .
             [5 0 0 0 0 0 0])
  ("Chars" .
           [3 0 0 0 0])
  ("LearningItems" .
                   [2 0 0 0 0 0 0 0 0 0 0 0 0])
  ("MakeLearningItems" .
                       [0 0 0 0 0 0 0 0 0 0 0 0 1 0 0 0 0])
  ("charset" .
             [5 0 0 0 0 0 0])
  ("LearningItem" .
                  [0 0 0 0 0 0 0 0 0 0 0 1])
  ("filename" .
              [13 0 0 0 0 0 0 0])
  ("Faces" .
           [2 0 0 0 0])
  ("kind" .
          [1 0 0 0])
  ("Face" .
          [24 0 0 0])
  ("MakeLines" .
               [1 0 0 0 0 0 0 0 0])
  ("Line" .
          [3 0 0 0])
  ("faces" .
           [55 0 0 0 0])
  ("MakeFaces" .
               [1 0 0 0 0 0 0 0 1])
  ("DELTA" .
           [1 0 0 0 0])
  ("Predict" .
             [4 0 0 0 0 0 0])
  ("continue" .
              [0 0 0 1 0 0 0 0])
  ("toJa" .
          [2 0 0 0])
  ("Sign" .
          [3 0 0 0])
  ("Judge" .
           [2 0 0 0 0])
  ("ReadFile" .
              [1 0 0 0 0 0 0 0])
  ("Add" .
         [4 0 0])
  ("ScalarTimes" .
                 [2 0 0 0 0 0 0 0 0 0 0])
  ("learningItems" .
                   [2 0 0 0 0 0 0 0 0 0 0 0 0])
  ("Learning" .
              [2 0 0 0 0 0 0 2])
  ("ShowWeight" .
                [1 0 0 0 0 0 0 1 0 0])
  ("ShowVector" .
                [3 0 0 0 2 0 0 0 0 1])
  ("linenum" .
             [2 0 0 0 0 0 0])
  ("FaceVector" .
                [5 0 1 2 15 0 0 0 0 3])
  ("EstimateWeight" .
                    [0 0 0 1 1 0 0 0 1 0 0 0 0 0])
  ("histogram" .
               [10 0 0 4 2 0 0 0 0])
  ("Facevector" .
                [0 0 0 0 1 0 0 0 0 0])
  ("vector" .
            [22 0 0 0 0 0])
  ("faceVectors" .
                 [5 0 0 0 2 0 0 0 0 0 2])
  ("face" .
          [39 0 0 0])
  ("showMatrix" .
                [0 0 0 0 0 1 0 0 0 0])
  ("IdToFace" .
              [0 0 17 3 4 0 0 0])
  ("FaceToId" .
              [0 0 3 0 2 0 0 0])
  ("str1" .
          [1 0 0 0])
  ("DATree" .
            [1 0 0 0 0 1])
  ("Search" .
            [2 0 0 0 0 0])
  ("fail" .
          [33 0 0 0])
  ("pattern" .
             [35 0 0 0 0 0 0])
  ("ref" .
         [28 0 0])
  ("rightPath" .
               [2 0 0 0 0 0 0 0 0])
  ("backTrack" .
               [1 0 0 0 1 0 0 0 0])
  ("la" .
        [2 0])
  ("tail" .
          [3 0 0 0])
  ("Decode" .
            [2 0 0 0 0 0])
  ("X_WIN" .
           [5 0 0 0 0])
  ("Y_WIN" .
           [5 0 0 0 0])
  ("X_KEY" .
           [1 0 0 0 0])
  ("trace" .
           [23 0 0 0 0])
  ("runtime" .
             [1 0 0 0 0 0 0])
  ("EnableUp" .
              [0 0 0 0 1 0 1 0])
  ("CompressPath" .
                  [0 0 0 0 0 0 1 0 0 0 0 0])
  ("parentNode" .
                [1 0 0 0 0 0 0 0 0 0])
  ("lastNodes" .
               [5 0 0 1 0 0 1 1 1])
  ("Args" .
          [3 0 0 0])
  ("os" .
        [4 0])
  ("parent" .
            [20 0 0 0 0 0])
  ("PopLast" .
             [1 0 0 0 0 0 0])
  ("Split" .
           [1 0 0 0 0])
  ("strings" .
             [8 0 0 0 0 0 0])
  ("ShowField" .
               [1 0 0 0 0 0 0 0 0])
  ("isPaint" .
             [1 0 0 0 0 0 0])
  ("sem" .
         [1 0 0])
  ("Print" .
           [0 0 0 0 1])
  ("bMid" .
          [2 0 0 0])
  ("aMid" .
          [2 0 0 0])
  ("div" .
         [16 0 0])
  ("test2" .
           [2 0 0 0 0])
  ("subFast" .
             [2 0 0 0 0 0 0])
  ("Set" .
         [2 0 0])
  ("Item" .
          [1 0 0 0])
  ("Comparable" .
                [0 0 0 0 1 0 0 1 0 0])
  ("Array" .
           [1 0 0 0 0])
  ("Point" .
           [4 0 0 0 0])
  ("h" .
       [6])
  ("DataInterface" .
                   [0 0 0 0 0 0 1 0 0 0 0 0 0])
  ("Len" .
         [1 0 0])
  ("arrayInterface" .
                    [0 0 0 0 0 0 0 0 0 1 1 0 0 0])
  ("Interface" .
               [4 0 0 0 2 1 0 0 0])
  ("Push" .
          [16 0 0 0])
  ("Heap" .
          [7 0 0 0])
  ("maze" .
          [19 0 0 0])
  ("remainder" .
               [1 0 0 0 0 0 0 0 0])
  ("multiFast" .
               [5 0 0 0 0 0 0 0 0])
  ("minus" .
           [5 0 0 0 0])
  ("add" .
         [2 0 0])
  ("addn" .
          [3 0 0 0])
  ("multi" .
           [4 0 0 0 0])
  ("mapSqrt" .
             [1 0 0 0 0 0 0])
  ("sqrt32" .
            [2 0 0 0 0 0])
  ("seq" .
         [2 0 0])
  ("flag" .
          [3 0 0 0])
  ("prime" .
           [5 0 0 0 0])
  ("clear" .
           [4 0 0 0 0])
  ("mapping" .
             [1 0 0 0 0 0 0])
  ("separete_top_bit" .
                      [0 0 0 0 1 0 0 0 0 0 0 0 0 0 0 0])
  ("middle" .
            [1 0 0 0 0 0])
  ("hanoi" .
           [3 0 0 0 0])
  ("rnd" .
         [5 0 0])
  ("round" .
           [7 0 0 0 0])
  ("rep" .
         [10 0 0])
  ("MaxInt" .
            [5 0 0 0 0 0])
  ("dist" .
          [6 0 0 0])
  ("dp" .
        [140 0])
  ("Edge" .
          [3 0 0 0])
  ("user" .
          [5 0 0 0])
  ("puts" .
          [8 0 0 0])
  ("obj" .
         [13 0 0])
  ("dt" .
        [7 0])
  ("Obj" .
         [6 0 0])
  ("radius" .
            [1 0 0 0 0 0])
  ("pos" .
         [11 0 0])
  ("time" .
          [16 0 0 0])
  ("boot" .
          [1 0 0 0])
  ("config" .
            [1 0 0 0 0 0])
  ("700px" .
           [1 0 0 0 0])
  ("100%" .
          [1 0 0 0])
  ("pos-right" .
               [1 0 0 0 0 0 0 0 0])
  ("th" .
        [1 0])
  ("to_key" .
            [1 0 0 0 0 0])
  ("problems" .
              [1 0 0 0 0 0 0 0])
  (":after" .
            [1 0 0 0 0 0])
  (":before" .
             [1 0 0 0 0 0 0])
  ("0x7F7F7F" .
              [1 0 0 0 2 0 0 0])
  ("abs2" .
          [2 0 0 0])
  ("abs1" .
          [2 0 0 0])
  ("num2" .
          [2 0 0 0])
  ("num1" .
          [3 0 0 0])
  ("bitcnt2" .
             [2 0 0 0 0 0 0])
  ("0x0000FFFF" .
                [1 0 0 0 0 0 0 0 0 1])
  ("0x0000ff" .
              [0 0 0 0 0 0 0 1])
  ("0xFFFF0000" .
                [3 0 0 0 0 0 0 0 0 0])
  ("0x00FF00FF" .
                [0 0 0 0 0 0 0 0 1 0])
  ("0xFF00FF00" .
                [1 0 0 0 0 0 0 0 0 0])
  ("is_power_of_2" .
                   [0 0 0 0 1 0 0 0 0 0 0 0 0])
  ("stdbool" .
             [1 0 0 0 0 0 0])
  ("v" .
       [18])
  ("bitcnt1" .
             [1 0 0 0 0 0 0])
  ("bitcnt" .
            [2 0 0 0 0 0])
  ("cnt" .
         [3 0 0])
  ("bit" .
         [8 0 0])
  ("rev2" .
          [2 0 0 0])
  ("0xff" .
          [1 0 0 0])
  ("0xF0F0F0F0" .
                [1 0 0 0 0 0 1 0 0 0])
  ("0x0F0F0F0F" .
                [1 0 0 0 1 0 0 0 0 0])
  ("0xCCCCCCCC" .
                [0 0 0 0 0 1 1 0 0 0])
  ("0x55555555" .
                [0 0 0 0 1 1 0 0 0 0])
  ("0x33333333" .
                [0 0 0 0 1 0 2 0 0 0])
  ("0xAAAAAAAA" .
                [0 0 0 0 1 1 0 0 0 0])
  ("rev1" .
          [1 0 0 0])
  ("show_bit" .
              [2 0 0 0 0 0 0 0])
  ("uint_to_str" .
                 [1 0 0 0 0 0 0 0 0 0 0])
  ("u" .
       [7])
  ("BUFSIZ" .
            [2 0 0 1 0 0])
  ("repl" .
          [2 0 0 0])
  ("parse" .
           [9 0 0 0 0])
  ("stmt" .
          [2 0 0 0])
  ("test" .
          [7 0 0 0])
  ("buf" .
         [1 0 0])
  ("vprintf" .
             [1 0 0 0 0 0 0])
  ("warning" .
             [1 0 0 0 0 0 0])
  ("token" .
           [8 0 0 0 0])
  ("TK_NUMBER" .
               [1 0 0 0 0 0 0 0 0])
  ("arith" .
           [2 0 0 0 0])
  ("TK_ARITH" .
              [2 0 0 0 0 0 0 0])
  ("type" .
          [8 0 0 0])
  ("token_debug" .
                 [3 0 0 0 0 0 0 0 0 0 0])
  ("token_free" .
                [1 0 0 0 0 0 0 0 0 0])
  ("Token" .
           [3 0 0 0 0])
  ("PARSER_H" .
              [2 0 0 0 0 0 0 0])
  ("ifndef" .
            [2 0 0 0 0 0])
  ("CLAC_H" .
            [1 0 0 0 0 0])
  ("ifdef" .
           [1 0 0 0 0])
  ("TEST_EQ_INT" .
                 [7 0 0 0 0 0 0 0 0 0 0])
  ("proc" .
          [17 0 0 0])
  ("expected" .
              [3 0 0 0 0 0 0 0])
  ("TEST" .
          [10 0 0 0])
  ("ASSERT_EQ" .
               [6 0 0 0 0 0 0 0 0])
  ("ASSERT_EQ_INT" .
                   [5 0 0 0 0 0 0 0 0 0 0 0 0])
  ("ASSERT_EQ_BOOL" .
                    [1 0 0 0 0 0 0 0 0 0 0 0 0 0])
  ("ADB" .
         [1 0 0])
  ("accept" .
            [1 0 0 0 0 1])
  ("input" .
           [13 0 0 0 0])
  ("context" .
             [2 0 0 0 0 0 0])
  ("register" .
              [1 0 0 0 0 0 0 0])
  ("Client" .
            [3 0 0 0 0 0])
  ("listener" .
              [1 0 0 0 0 0 1 0])
  ("listen" .
            [2 0 0 0 0 0])
  ("conn" .
          [7 0 0 0])
  ("unregister" .
                [1 0 0 0 0 0 0 0 0 0])
  ("ch" .
        [7 0])
  ("err" .
         [21 0 0])
  ("send" .
          [8 0 0 0])
  ("conns" .
           [2 0 0 0 0])
  ("make" .
          [42 0 0 0])
  ("msg" .
         [5 0 0])
  ("Conn" .
          [12 0 0 0])
  ("net" .
         [11 0 0])
  ("client" .
            [12 0 0 0 0 0])
  ("close" .
           [7 0 0 0 0])
  ("eval" .
          [2 0 0 0])
  ("con" .
         [1 0 0])
  ("channel" .
             [2 0 0 0 0 0 0])
  ("Printf" .
            [38 0 0 0 0 0])
  ("int" .
         [228 0 0])
  ("Pop" .
         [7 0 0])
  ("rune" .
          [86 0 0 0])
  ("uint8" .
           [3 0 0 0 0])
  ("reflect" .
             [1 0 0 0 0 1 0])
  ("strconv" .
             [2 0 0 0 0 0 0])
  ("isEmpty" .
             [1 0 0 0 0 0 0])
  ("bool" .
          [36 0 0 0])
  ("Stack" .
           [10 0 0 0 0])
  ("float64" .
             [36 0 0 0 0 0 0])
  ("Println" .
             [289 0 0 0 0 0 0])
  ("fmt" .
         [327 0 0])
  ("comb" .
          [3 0 0 0])
  ("fac" .
         [10 0 0])
  ("off" .
         [1 0 0])
  ("usage" .
           [5 0 0 0 0])
  ("0e" .
        [1 0])
  ("Length" .
            [3 0 0 0 0 0])
  ("Dt" .
        [2 0])
  ("show_evaluation" .
                     [0 0 0 0 0 0 0 0 0 1 1 0 0 0 0])
  ("evaluation" .
                [0 0 0 0 0 5 1 0 0 0])
  ("character" .
               [1 0 0 0 0 0 0 0 0])
  ("elseif" .
            [2 0 0 0 0 0])
  ("if" .
        [2 0])
  ("show_score" .
                [4 0 0 0 0 0 0 0 0 0])
  ("interface" .
               [1 0 0 1 0 0 0 0 1])
  ("none" .
          [1 0 0 0])
  ("implicit" .
              [1 0 0 0 0 0 0 0])
  ("pointer" .
             [2 0 0 0 0 0 0])
  ("Iequation" .
               [0 0 0 1 0 0 0 0 0])
  ("procedure" .
               [0 0 0 0 0 1 0 1 0])
  ("intent" .
            [6 0 0 0 0 0])
  ("define" .
            [25 0 0 0 0 0])
  ("binary_search" .
                   [0 0 0 0 0 0 1 0 0 0 0 0 0])
  ("endif" .
           [5 0 0 3 3])
  ("mid" .
         [42 0 0])
  ("not" .
         [1 0 0])
  ("IS_ENERGY" .
               [0 0 0 1 0 1 0 0 0])
  ("logical" .
             [1 0 0 0 0 0 0])
  ("r_velocity" .
                [0 0 0 0 1 0 0 0 0 0])
  ("r_init" .
            [1 0 0 0 0 0])
  ("r_next" .
            [2 0 0 0 0 0])
  ("r_prev" .
            [13 0 0 0 0 0])
  ("r_curr" .
            [25 0 0 0 0 1])
  ("Weight" .
            [9 0 0 0 0 0])
  ("Radius" .
            [8 0 3 0 1 1])
  ("Gravity" .
             [1 0 0 0 0 0 1])
  ("RADIUS" .
            [1 0 0 0 0 0])
  ("GRAVITY" .
             [1 0 0 0 0 0 0])
  ("is_z" .
          [4 0 0 0])
  ("source_dir" .
                [1 0 0 0 0 0 0 0 0 0])
  ("rec" .
         [10 0 0])
  ("source_path" .
                 [2 0 0 0 0 0 0 0 0 0 0])
  ("Dir" .
         [1 0 0])
  (":source_path" .
                  [1 0 0 0 0 0 0 0 0 0 0 0])
  ("desc" .
          [1 0 0 0])
  (":setup" .
            [1 0 0 0 0 0])
  (":app" .
          [1 0 0 0])
  ("task" .
          [2 0 0 0])
  ("role" .
          [1 0 0 0])
  ("namespace" .
               [1 0 0 0 0 0 0 0 0])
  ("pathToURL" .
               [1 0 0 0 0 0 0 0 0])
  ("$basePath" .
               [1 0 0 0 0 0 0 0 0])
  ("hex2binary" .
                [1 0 0 0 0 0 0 0 0 0])
  ("error_reporting" .
                     [0 0 0 0 0 0 0 0 0 0 0 1 0 0 0])
  ("showDateTime" .
                  [1 0 0 0 0 0 0 0 0 0 0 0])
  ("getParams" .
               [2 0 0 0 0 0 0 0 0])
  ("call_user_func_array" .
                          [0 0 0 0 0 0 0 0 0 0 0 0 0 0 0 0 0 1 0 0])
  ("$next" .
           [2 0 0 0 0])
  ("$className" .
                [2 0 0 0 0 0 0 0 0 0])
  ("$posSlash" .
               [2 0 0 0 0 0 0 0 0])
  ("$controllerName" .
                     [1 0 0 0 0 0 0 0 0 0 0 0 0 0 0])
  ("$remain" .
             [4 0 0 0 0 0 0])
  ("$pos" .
          [5 0 0 0])
  ("$schema" .
             [2 0 0 0 0 0 0])
  ("$resourceName" .
                   [6 0 0 0 0 0 0 0 0 0 0 0 0])
  ("$resource" .
               [1 0 0 0 0 0 0 0 1])
  ("$w" .
        [1 0])
  ("$h" .
        [1 0])
  ("compile" .
             [4 0 0 0 0 0 0])
  ("$url" .
          [1 0 0 0])
  ("$matches" .
              [2 0 0 0 0 0 0 0])
  ("exists?" .
             [1 0 0 0 0 0 0])
  ("arr" .
         [43 0 0])
  ("root" .
          [22 0 0 0])
  ("c" .
       [27])
  ("$out" .
          [1 0 0 0])
  ("$ret" .
          [1 0 0 0])
  ("move_uploaded_file" .
                        [0 0 0 0 1 0 0 0 0 0 0 0 0 0 0 0 0 0])
  ("base" .
          [9 0 0 0])
  ("debug_backtrace" .
                     [0 0 0 0 0 1 0 0 0 0 0 0 0 0 0])
  ("handler" .
             [8 0 0 0 0 0 0])
  ("$obj" .
          [1 0 0 0])
  ("getInstance" .
                 [2 0 0 0 0 0 0 0 0 0 0])
  ("BbsModel" .
              [2 0 0 0 0 0 0 0])
  ("n" .
       [26])
  ("View" .
          [1 0 0 0])
  ("C" .
       [1])
  ("$refclass" .
               [1 0 0 0 0 0 0 0 0])
  ("$arg" .
          [1 0 0 0])
  ("$method" .
             [3 0 0 0 0 0 0])
  ("Class" .
           [2 0 0 0 0])
  ("$names" .
            [1 0 0 0 0 0])
  ("write" .
           [11 0 0 0 0])
  ("$key" .
          [7 0 0 0])
  ("$_config" .
              [6 0 0 0 0 0 0 0])
  ("$config" .
             [3 0 0 0 0 0 0])
  ("insertThreadAndComment" .
                            [1 0 0 0 0 0 0 0 0 0 0 0 0 0 0 0 0 0 0 0 0 0])
  ("$uri" .
          [4 0 0 0])
  ("bbs.sql" .
             [1 0 0 0 0 0 0])
  ("sql" .
         [2 0 0])
  ("CREATE" .
            [1 0 0 0 0 0])
  ("DATABASE" .
              [2 0 0 0 0 0 0 0])
  ("DROP" .
          [1 0 0 0])
  ("mysql" .
           [2 0 0 0 0])
  ("kumano-ryo" .
                [5 0 0 0 0 0 0 0 0 0])
  ("mysqldump" .
               [1 0 0 0 0 0 0 0 0])
  ("$args" .
           [6 0 0 0 0])
  ("$sql" .
          [1 0 0 0])
  ("$table" .
            [6 0 0 0 0 0])
  ("lastInsertId" .
                  [1 0 0 0 0 0 0 0 0 0 0 0])
  ("fetch" .
           [5 0 0 0 0])
  ("Exception" .
               [5 0 0 0 0 0 0 0 0])
  ("$value" .
            [11 0 0 0 0 0])
  ("$stmt" .
           [1 0 0 0 0])
  ("$trace" .
            [1 0 0 0 0 0])
  ("$loads" .
            [1 0 0 0 0 0])
  ("$arr" .
          [5 0 0 0])
  ("$errors" .
             [6 0 0 0 0 0 0])
  ("getErrors" .
               [2 0 0 0 0 0 0 0 0])
  ("text" .
          [4 0 0 0])
  ("RUBY_VERSION" .
                  [0 0 0 0 0 0 1 0 0 0 0 0])
  ("Kernel" .
            [3 0 0 0 0 0])
  ("to_s" .
          [6 0 0 0])
  ("cmd" .
         [6 0 0])
  ("args" .
          [40 0 0 0])
  ("emacs" .
           [2 0 0 0 0])
  ("elsif" .
           [0 0 0 1 0])
  ("match" .
           [6 0 0 0 0])
  ("1e80" .
          [7 0 0 0])
  ("tok" .
         [1 0 0])
  ("NULL" .
          [10 0 0 0])
  ("t" .
       [31])
  ("split" .
           [4 0 0 0 0])
  ("reduce" .
            [8 0 0 0 0 0])
  (":line" .
           [1 0 0 0 0])
  ("accum" .
           [23 0 0 0 0])
  ("ans" .
         [54 0 0])
  ("suffix" .
            [5 0 0 0 0 0])
  ("prefix" .
            [6 0 0 0 0 0])
  (":item" .
           [1 0 0 0 0])
  ("deep_copy" .
               [0 0 0 0 1 0 0 0 0])
  ("bfs_search" .
                [0 0 0 1 0 0 0 0 0 0])
  ("cheeses" .
             [2 0 0 0 0 0 1])
  ("stamina" .
             [1 0 0 0 0 0 0])
  ("minutes" .
             [2 0 0 0 1 0 0])
  (":counter" .
              [7 0 0 0 0 0 0 0])
  (":pos" .
          [3 0 0 0])
  ("DIRECTIONS" .
                [1 0 0 0 0 0 0 0 0 0])
  ("read_each_data" .
                    [2 0 0 0 0 0 0 0 0 0 0 0 0 0])
  ("same" .
          [1 0 0 0])
  ("Union" .
           [1 0 0 0 0])
  ("find_root" .
               [2 0 0 0 0 0 0 0 0])
  ("union" .
           [4 0 0 0 0])
  ("rank" .
          [9 0 0 0])
  ("find_root_tree" .
                    [1 0 0 0 0 0 0 0 0 0 0 0 0 0])
  ("find" .
          [3 0 0 0])
  ("make_map_cells" .
                    [2 0 0 0 0 0 0 0 0 0 0 0 0 0])
  ("make_wall_list" .
                    [1 0 0 0 0 0 0 0 0 0 0 0 0 0])
  ("counter" .
             [23 0 0 0 0 0 0])
  ("not_include?" .
                  [2 0 0 0 0 0 1 0 0 0 0 0])
  ("not_include" .
                 [1 0 0 0 0 0 0 0 0 0 0])
  ("all_include?" .
                  [1 0 0 0 0 0 0 0 0 0 0 0])
  ("dump" .
          [4 0 0 0])
  ("r" .
       [17])
  ("new_table" .
               [6 0 0 0 0 0 0 0 0])
  ("wrong_answer?" .
                   [1 0 0 0 0 2 1 0 0 0 0 0 0])
  ("shift" .
           [2 0 0 0 0])
  ("allocate_max" .
                  [1 0 0 0 0 0 0 0 0 0 0 0])
  ("convert" .
             [3 0 0 0 0 0 0])
  ("char_table" .
                [5 0 0 0 0 0 0 0 0 0])
  ("global_table" .
                  [1 0 0 0 0 0 1 0 0 0 0 0])
  ("tr" .
        [2 0])
  ("make_table" .
                [1 0 0 0 0 0 0 0 0 0])
  ("is_num" .
            [3 0 0 0 0 0])
  ("str" .
         [19 0 0])
  ("is_char" .
             [1 0 0 0 0 0 0])
  ("left_nodes" .
                [2 0 0 0 0 0 0 0 0 0])
  ("left_side" .
               [1 0 0 0 0 0 0 0 0])
  ("clone" .
           [17 0 0 0 0])
  ("delete_at" .
               [2 0 0 0 0 0 0 0 0])
  ("end_edge" .
              [9 0 0 0 0 2 2 0])
  ("start_edge" .
                [5 0 0 0 0 0 1 2 0 0])
  ("end_to" .
            [5 0 0 0 0 0])
  ("from_start" .
                [2 0 0 0 0 0 0 0 0 0])
  (":rev" .
          [3 0 0 0])
  ("area" .
          [11 0 0 0])
  ("right_side" .
                [2 0 0 0 0 0 0 0 0 0])
  ("volumes" .
             [7 0 0 0 0 0 0])
  ("counter_size" .
                  [1 0 0 0 0 0 0 0 0 0 0 0])
  ("counts" .
            [1 0 0 0 0 0])
  ("points" .
            [7 0 0 0 0 0])
  ("inject" .
            [11 0 0 0 0 0])
  ("product" .
             [7 0 0 0 0 0 0])
  (":points" .
             [2 0 0 0 0 0 0])
  ("tohus" .
           [5 0 0 0 0])
  ("tohu" .
          [2 0 0 0])
  ("gets_nums" .
               [4 0 0 0 0 0 0 0 0])
  ("gets_num" .
              [5 0 0 0 0 0 0 0])
  (":to_i" .
           [2 0 0 0 0])
  ("stdin" .
           [10 0 0 0 0])
  ("search" .
            [5 0 0 0 0 0])
  ("nx" .
        [1 0])
  (":brightness" .
                 [0 0 0 0 1 2 0 0 0 0 0])
  (":x" .
        [2 0])
  (":y" .
        [2 0])
  ("ny" .
        [2 0])
  (":g" .
        [1 0])
  ("chr" .
         [2 0 0])
  ("val" .
         [27 0 0])
  ("is_update" .
               [3 0 0 0 0 0 0 0 0])
  ("g" .
       [15])
  ("min_prev" .
              [3 0 0 0 0 0 0 0])
  ("graph_prev" .
                [12 0 0 0 0 0 0 0 0 0])
  ("dfs_min" .
             [5 0 0 0 0 0 0])
  (":regions" .
              [1 0 0 0 0 0 0 0])
  (":max" .
          [3 0 0 0])
  (":min" .
          [2 0 0 0])
  (":value" .
            [3 0 0 0 0 0])
  (":children" .
               [1 0 0 0 0 0 0 0 0])
  ("regions" .
             [1 0 0 0 0 0 0])
  (":region" .
             [6 0 0 0 0 0 0])
  ("tree" .
          [35 0 0 0])
  ("yilder" .
            [0 0 0 0 0 1])
  ("random" .
            [3 0 0 0 0 0])
  ("array" .
           [28 0 0 0 0])
  ("bfs" .
         [1 0 0])
  ("explored" .
              [16 0 0 1 0 3 0 1])
  ("edge_cost" .
               [1 0 0 0 0 0 0 0 0])
  ("Float" .
           [0 0 0 3 1])
  ("readlines" .
               [0 0 0 0 0 0 0 1 0])
  ("minimum_spanning_tree" .
                           [0 0 1 0 0 0 0 0 0 0 0 0 0 0 0 0 0 0 0 0 0])
  ("shortest_path_dp" .
                      [2 0 0 0 0 0 0 0 0 0 0 0 0 0 0 0])
  ("init_node" .
               [2 0 0 0 0 0 0 0 0])
  ("k" .
       [3])
  ("init_matrix" .
                 [2 0 0 0 0 0 0 0 0 1 0])
  ("inject_inf" .
                [2 0 0 0 0 0 0 0 0 0])
  ("uniq" .
          [12 0 0 0])
  ("shortest_path_dijkstra" .
                            [0 0 0 0 0 0 0 0 0 0 0 0 0 0 0 0 1 0 0 0 0 0])
  ("min_path_key" .
                  [2 0 0 1 0 0 0 0 0 1 0 1])
  ("minimum_path" .
                  [1 0 0 0 2 0 2 0 0 0 0 0])
  ("hash" .
          [21 0 0 0])
  ("max_flow_plain" .
                    [2 0 0 0 0 0 0 0 0 0 0 0 0 0])
  ("edge" .
          [154 0 0 1])
  (":ref" .
          [8 0 0 0])
  ("solve" .
           [33 0 0 0 0])
  ("used" .
          [76 0 0 0])
  ("node_from" .
               [2 0 0 0 0 0 0 0 0])
  ("curr" .
          [107 0 0 0])
  ("prev" .
          [45 0 0 0])
  ("fun" .
         [26 0 0])
  ("prev_node" .
               [2 0 0 0 0 0 0 0 0])
  ("traverse_path" .
                   [2 0 0 0 0 0 0 0 0 0 0 0 0])
  ("paths_to_edges" .
                    [0 0 0 0 0 0 0 0 0 0 0 0 0 1])
  ("flow" .
          [62 0 0 0])
  ("add_flow" .
              [1 0 0 0 0 0 0 0])
  ("min_cap" .
             [4 0 0 0 0 0 0])
  ("min_flow" .
              [3 0 0 0 0 0 0 0])
  ("min" .
         [125 0 0])
  ("prev_path" .
               [1 0 0 0 0 0 0 0 0])
  ("nodes" .
           [7 0 0 0 0])
  (":cap" .
          [38 0 0 0])
  ("new" .
         [11 0 0])
  ("Enumerator" .
                [0 0 0 1 0 1 0 0 0 0])
  ("generator" .
               [11 0 0 1 0 0 0 0 0])
  ("paths" .
           [39 0 0 0 0])
  ("rest" .
          [62 0 0 0])
  ("yield" .
           [14 0 0 1 0])
  ("find_path_inner" .
                     [3 0 0 0 0 0 0 0 0 0 0 0 0 0 0])
  ("path" .
          [100 0 0 0])
  ("find_path" .
               [3 0 0 0 0 0 0 0 0])
  (":flow" .
           [68 0 0 0 0])
  ("start_node" .
                [28 0 0 0 0 0 0 0 0 0])
  ("end_node" .
              [39 0 0 0 0 0 0 0])
  ("start" .
           [33 0 0 0 0])
  ("max_flow" .
              [19 0 0 0 0 0 0 0])
  ("count" .
           [58 0 0 0 0])
  ("curr_node" .
               [71 0 0 0 0 1 0 0 0])
  ("node_id" .
             [3 0 0 0 0 0 0])
  ("num_of_path" .
                 [3 0 0 0 0 0 0 0 0 0 0])
  (":weight" .
             [5 0 0 0 0 0 0])
  ("nil?" .
          [29 0 0 0])
  ("value" .
           [113 0 0 1 0])
  ("adj_node" .
              [9 0 0 1 0 0 0 0])
  ("visits" .
            [18 0 0 0 0 0])
  ("from" .
          [118 0 0 0])
  ("visit_all?" .
                [1 0 0 0 0 0 0 0 0 0])
  (":visit" .
            [7 0 0 0 0 0])
  (":from" .
           [38 0 0 0 0])
  ("visit" .
           [10 0 0 0 0])
  ("to_i" .
          [30 0 2 1])
  ("weight" .
            [47 0 0 1 0 0])
  ("node" .
          [136 0 0 0])
  ("txt_to_graph" .
                  [1 0 0 0 0 0 1 2 0 0 0 0])
  ("graph" .
           [298 0 0 1 0])
  ("to_set" .
            [1 0 0 0 0 0])
  ("words_score" .
                 [4 0 0 0 0 0 0 0 0 0 0])
  ("word" .
          [21 0 0 0])
  ("words" .
           [17 0 0 0 0])
  ("ruby-mode" .
               [1 0 0 0 0 0 0 0 0])
  ("setq" .
          [3 0 0 0])
  ("kill-sentence" .
                   [0 0 0 0 0 0 0 0 0 0 1 0 0])
  ("i" .
       [55])
  ("a" .
       [24])
  ("set-rectangular-region-anchor" .
                                   [0 0 0 0 0 0 0 1 0 0 0 0 0 0 0 0 0 0 0 0 0 0 0 0 0 0 0 0 0])
  ("set-next-selection-coding-system" .
                                      [0 0 0 0 0 0 0 0 0 0 0 0 0 0 0 0 0 0 0 1 0 0 0 0 0 0 0 0 0 0 0 0])
  ("top" .
         [11 0 0])
  ("animate" .
             [0 0 0 1 0 0 0])
  ("number-double" .
                   [3 0 0 0 0 0 1 0 0 0 1 0 0])
  ("chomp" .
           [0 0 1 0 0])
  ("chop" .
          [1 0 2 0])
  ("length" .
            [43 0 1 0 0 0])
  ("defined?" .
              [0 0 0 1 0 0 0 0])
  ("list" .
          [44 0 0 0])
  ("min-loader" .
                [0 0 0 1 0 0 0 0 0 0])
  ("Hash" .
          [1 0 1 1])
  ("class" .
           [7 0 1 1 0])
  ("echo" .
          [1 0 2 0])
  ("hoge" .
          [3 0 1 0])
  ("span" .
          [0 0 1 0])
  ("グーグル検索自動解析機" .
                            [0 0 0 1 1 0 0 0 0 0 1])
  ("autoload" .
              [1 0 0 0 0 0 0 0])
  ("web-mode" .
              [0 0 0 0 0 0 0 1])
  ("require" .
             [3 0 0 0 0 0 0])
  ("define-macro" .
                  [4 0 0 0 1 0 0 0 0 0 0 0])
  ("sub!" .
          [0 0 1 1])
  ("NIL" .
         [0 0 1])
  ("line" .
          [51 0 1 0])
  ("inc" .
         [1 0 1])
  ("30px" .
          [7 0 0 0])
  ("number" .
            [60 0 0 0 0 0])
  ("fib" .
         [24 0 0])
  ("cache" .
           [1 0 0 0 0])
  ("defun" .
           [10 0 0 3 0])
  ("apply" .
           [2 0 0 0 0])
  ("double" .
            [8 0 0 0 0 0])
  ("global-set-key" .
                    [2 0 0 0 0 0 0 0 0 0 0 0 0 0])
  ("query-replace-regexp" .
                          [0 0 0 0 0 0 0 0 0 0 0 0 0 0 0 0 1 0 0 0])
  ("nil" .
         [33 0 0])
  ("cdr" .
         [5 0 0])
  ("join" .
          [5 0 0 0])
  ("sep" .
         [7 0 0])
  ("s" .
       [23])
  ("let" .
         [1 0 0])
  ("car" .
         [5 0 0])
  ("format" .
            [3 0 0 0 0 0])
  ("string-join" .
                 [2 0 0 0 0 0 0 0 0 0 0])
  ("null" .
          [3 0 0 0])
  ("string-to-list" .
                    [1 0 0 0 0 0 0 0 0 0 0 0 0 0])
  ("mapcar" .
            [1 0 0 0 0 0])
  ("char-to-string" .
                    [1 0 0 0 0 0 0 0 0 0 0 0 0 0])
  ("data" .
          [38 0 0 0])
  ("each" .
          [79 0 0 0])
  ("range" .
           [5 0 0 0 0])
  ("to_a" .
          [29 0 0 0])
  ("search_max" .
                [2 0 0 0 0 0 0 0 0 0])
  ("result" .
            [102 0 0 4 0 0])
  ("pp" .
        [192 0])
  ("max" .
         [70 0 1])
  ("read_data" .
               [2 0 0 0 0 0 0 0 0])
  ("FILE_NAME" .
               [16 0 0 0 0 0 0 0 0])
  ("file" .
          [14 0 0 0])
  ("map" .
         [92 0 0])
  ("elem" .
          [60 0 0 0])
  ("elem2" .
           [2 0 0 0 0])
  ("read_name" .
               [3 0 0 0 0 0 0 0 0])
  ("count_scores" .
                  [1 0 0 0 0 0 0 0 0 0 0 0])
  ("index" .
           [112 0 0 0 0])
  ("score" .
           [3 0 0 0 0])
  ("string" .
            [129 0 0 0 0 0])
  ("products" .
              [3 0 0 0 0 0 0 0])
  ("sum" .
         [77 0 0])
  ("all" .
         [2 0 0])
  ("make_triangle_sets" .
                        [0 0 0 0 0 0 0 0 1 0 0 0 0 0 0 0 0 0])
  ("limit" .
           [2 0 0 0 0])
  ("yielder" .
             [15 0 0 0 0 0 0])
  ("triangle_sets" .
                   [1 0 0 0 2 0 0 0 1 0 0 0 0])
  ("node_element" .
                  [1 0 0 0 0 0 0 0 0 0 0 0])
  ("node_to" .
             [6 0 0 0 0 0 0])
  (":to" .
         [79 0 0])
  (":node" .
           [17 0 0 0 0])
  ("to" .
        [146 0])
  ("curr_value" .
                [9 0 0 0 0 1 0 0 0 0])
  ("cost" .
          [41 0 0 0])
  ("curr_number" .
                 [7 0 0 0 0 0 0 0 0 0 0])
  ("each_with_index" .
                     [13 0 0 0 0 0 0 0 1 2 1 0 0 1 1])
  ("include?" .
              [9 0 0 0 0 0 0 0])
  ("visit_cache" .
                 [2 0 0 0 0 0 0 0 0 0 0])
  (":linked" .
             [6 0 0 0 0 0 0])
  ("cap" .
         [10 0 0])
  ("linked" .
            [4 0 0 0 0 0])
  ("diff" .
          [44 0 0 0])
  ("make_node" .
               [2 0 0 0 0 0 0 0 0])
  ("abs" .
         [4 0 0])
  ("bytes" .
           [6 0 0 0 0])
  ("dataset" .
             [15 0 0 0 0 0 0])
  ("max_by" .
            [1 0 0 0 0 0])
  ("make_graph" .
                [2 0 0 0 1 0 0 0 0 1])
  ("pivot" .
           [24 0 0 0 0])
  ("add_edge" .
              [7 0 0 0 0 0 0 0])
  (":start" .
            [11 0 0 0 0 0])
  (":end" .
          [12 0 0 0])
  ("Float::INFINITY" .
                     [0 0 0 0 0 0 0 13 1 1 0 0 0 0 0])
  ("dfs" .
         [8 0 0])
  ("flatten" .
             [16 0 0 0 0 0 0])
  ("show_text" .
               [1 0 0 0 0 0 0 0 0])
  ("matching_elem" .
                   [1 0 0 0 0 0 0 0 0 0 0 0 0])
  ("matching_items" .
                    [1 0 0 0 0 0 0 0 0 0 0 0 0 0])
  ("compact" .
             [10 0 0 0 0 0 0])
  ("encode" .
            [9 0 0 0 0 0])
  ("item" .
          [82 0 0 0])
  ("char_decode" .
                 [3 0 0 0 0 0 0 0 0 0 0])
  ("char_encode" .
                 [1 0 0 0 0 0 0 0 0 0 0])
  ("char" .
          [129 0 0 0])
  ("keys" .
          [1 0 0 0])
  ("key" .
         [48 0 0])
  ("init" .
          [7 0 0 0])
  ("distance" .
              [13 0 0 0 0 0 0 0])
  ("shortest_path_problem" .
                           [0 0 0 0 0 0 0 0 1 0 0 0 0 0 0 0 0 0 0 0 1])
  ("name" .
          [38 0 0 0])
  (":cost" .
           [14 0 0 0 0])
  ("update" .
            [22 0 0 0 0 0])
  ("alist" .
           [8 0 0 0 0])
  ("node_name" .
               [1 0 0 0 0 0 0 0 0])
  ("num" .
         [20 0 0])
  ("decode" .
            [8 0 0 0 0 0])
  ("edges" .
           [18 0 0 0 0])
  ("edeges" .
            [1 0 0 0 0 0])
  ("lines" .
           [33 0 0 0 0])
  ("content" .
             [33 0 0 0 0 0 0])
  ("to_h" .
          [2 0 0 0])
  ("items" .
           [98 0 0 0 0])
  ("show_result" .
                 [0 0 0 0 0 0 0 0 0 0 1])
  ("min_d" .
           [1 0 0 0 0])
  ("size" .
          [51 0 0 0])
  ("d" .
       [22])
  ("text_to_graph_matrix" .
                          [1 0 0 0 0 0 0 0 0 0 0 0 0 0 0 0 0 0 0 0])
  ("minimum_cost" .
                  [1 0 0 0 0 0 0 0 0 0 0 0])
  ("minimum_cost_key" .
                      [1 0 0 0 0 0 0 0 0 0 0 0 0 0 0 0])
  ("m_key" .
           [1 0 0 0 0])
  ("min_key" .
             [2 0 0 0 0 0 0])
  ("pop" .
         [8 0 0])
  ("push" .
          [14 0 0 0])
  ("show" .
          [23 0 0 0])
  ("topological_sort" .
                      [0 0 0 0 1 0 1 0 0 0 0 0 0 0 0 0])
  ("member?" .
             [1 0 0 0 0 0 0])
  ("is_i?" .
           [6 0 0 0 0])
  ("sort" .
          [9 0 0 0])
  ("reverse" .
             [15 0 0 0 0 0 0])
  ("sets" .
          [1 0 0 0])
  ("set" .
         [31 0 0])
  ("make_bset" .
               [1 0 0 0 0 0 0 0 0])
  ("bset" .
          [13 0 0 0])
  ("bset_to_array" .
                   [2 0 0 0 0 0 0 0 1 0 0 0 0])
  ("mod" .
         [5 0 0])
  ("bset_include?" .
                   [1 0 0 0 0 0 0 0 0 0 0 0 0])
  ("bset1" .
           [15 0 0 0 0])
  ("times" .
           [8 0 0 0 0])
  ("bset2" .
           [12 0 0 0 0])
  ("rest2" .
           [3 0 0 0 0])
  ("mod1" .
          [5 0 0 0])
  ("mod2" .
          [6 0 0 0])
  ("rest1" .
           [1 0 0 0 0])
  ("bset_union" .
                [1 0 0 0 0 0 0 0 0 0])
  ("bset_sub" .
              [3 0 0 0 0 0 0 0])
  ("bset_share" .
                [1 0 0 0 0 0 0 0 0 0])
  ("bset_op" .
             [2 0 0 0 0 0 0])
  ("keyword" .
             [5 0 0 0 0 0 0])
  ("trie" .
          [12 0 0 0])
  ("has_key?" .
              [3 0 0 0 0 0 0 0])
  ("stock" .
           [12 0 0 0 0])
  ("new_val" .
             [1 0 0 0 0 0 0])
  ("curr_min_cost" .
                   [4 0 0 0 0 0 0 0 3 0 0 0 0])
  ("min_cost" .
              [2 0 0 0 0 0 0 0])
  ("INF" .
         [9 0 0])
  ("update_stock" .
                  [1 0 0 0 0 0 0 0 0 0 0 0])
  ("height" .
            [5 0 0 0 0 0])
  ("width" .
           [6 0 0 0 0])
  ("queue" .
           [33 0 0 0 0])
  ("goal" .
          [8 0 0 0])
  ("min_value" .
               [8 0 0 0 0 0 0 0 0])
  ("stack" .
           [119 0 0 0 0])
  ("update_graph" .
                  [0 0 0 0 0 0 1 0 0 0 0 0])
  ("init_array2" .
                 [0 0 0 0 0 0 0 1 0 0 0])
  ("region" .
            [1 0 0 0 0 0])
  ("numbers" .
             [18 0 0 0 0 0 0])
  ("RELEASE_DATE" .
                  [0 0 0 1 0 0 0 0 0 0 0 0])
  ("reveasal_full_search" .
                          [0 0 0 0 1 0 0 0 0 0 0 0 0 0 0 0 0 0 0 0])
  ("mean" .
          [5 0 0 0])
  ("lower" .
           [20 0 0 0 0])
  ("split_and_sort" .
                    [3 0 0 0 0 0 0 0 0 0 0 0 0 0])
  ("upper" .
           [12 0 0 0 1])
  ("merge" .
           [4 0 0 0 0])
  ("lower_sorted" .
                  [1 0 0 0 0 1 1 0 0 1 0 0])
  ("empty?" .
            [12 0 0 0 0 0])
  ("list2" .
           [11 0 0 0 0])
  ("count1" .
            [1 0 0 0 0 0])
  ("upper_sorted" .
                  [0 0 0 0 0 0 0 0 2 0 0 0])
  ("sorted" .
            [7 0 0 0 0 0])
  ("merge_and_sort" .
                    [3 0 0 0 0 0 0 0 0 0 0 0 0 0])
  ("list1" .
           [11 0 0 0 0])
  ("current" .
             [6 0 0 0 0 0 0])
  ("box_big" .
             [2 0 0 0 0 0 0])
  ("calc" .
          [4 0 0 0])
  ("box_small" .
               [3 0 0 0 0 0 1 0 0])
  ("len" .
         [166 0 0])
  ("reject" .
            [2 0 0 0 0 0])
  ("expr" .
          [89 0 0 0])
  ("expr1" .
           [46 0 0 0 0])
  ("expr2" .
           [41 0 0 0 0])
  ("answer" .
            [44 0 0 0 0 0])
  ("to_num" .
            [19 0 0 0 0 0])
  ("table" .
           [108 0 0 0 0])
  ("converter" .
               [3 0 0 0 0 0 0 0 0])
  ("chars" .
           [36 0 0 0 0])
  ("correct?" .
              [4 0 0 0 0 0 0 0])
  ("remain" .
            [39 0 0 0 0 1])
  ("remain_num" .
                [6 0 0 0 0 0 0 0 0 0])
  ("values" .
            [1 0 0 0 0 0])
  ("delete" .
            [1 0 0 0 0 0])
  ("remove_self" .
                 [1 0 0 0 0 0 0 0 0 0 0])
  ("remove" .
            [1 0 0 0 0 0])
  (":chr" .
          [3 0 0 0])
  ("int_to_array" .
                  [6 0 0 0 0 0 0 0 0 1 0 0])
  ("i_to_a_inner" .
                  [2 0 0 0 0 0 0 0 0 0 0 0])
  ("include_same_number?" .
                          [0 0 0 0 0 0 0 0 0 0 0 2 0 0 0 0 0 0 0 0])
  ("to_array" .
              [4 0 0 0 0 0 0 0])
  ("digit" .
           [7 0 0 0 0])
  ("all?" .
          [4 0 0 0])
  ("get_max_digit" .
                   [1 0 0 0 0 0 0 0 0 0 0 0 0])
  ("$char" .
           [1 0 0 0 0])
  ("$keyword" .
              [0 0 0 0 0 0 0 1])
  ("upto" .
          [1 0 0 0])
  ("depth_search" .
                  [2 0 0 0 0 0 0 0 0 0 0 0])
  ("directions" .
                [2 0 0 0 0 0 0 0 0 0])
  ("target" .
            [1 0 0 0 0 0])
  ("target_next" .
                 [2 0 0 0 0 0 0 0 0 0 0])
  ("valid?" .
            [5 0 0 0 0 0])
  ("left" .
          [39 0 0 0])
  ("right" .
           [29 0 0 0 0])
  ("ret" .
         [35 0 0])
  ("cheese_map" .
                [0 0 3 6 1 0 1 1 0 0])
  ("next_item" .
               [7 0 0 0 0 0 0 0 0])
  ("main" .
          [77 0 0 0])
  ("var" .
         [17 0 0])
  ("fuga" .
          [3 0 0 0])
  ("printf" .
            [55 0 0 0 0 0])
  ("malloc" .
            [4 0 0 0 0 0])
  ("strcpy" .
            [1 0 0 0 0 0])
  ("include" .
             [26 0 0 0 0 0 0])
  ("rb" .
        [1 0])
  ("src" .
         [1 0 0])
  ("date" .
          [4 0 0 0])
  ("Date" .
          [3 0 0 0])
  ("names" .
           [3 0 0 0 0])
  ("ans_date" .
              [2 0 0 0 0 0 0 0])
  ("ans_index" .
               [3 0 0 0 0 0 0 0 0])
  ("year" .
          [2 0 0 0])
  ("dates" .
           [5 0 0 0 0])
  ("1e79" .
          [6 0 0 0])
  ("phpenv" .
            [1 0 0 0 0 0])
  ("get" .
         [17 0 0])
  ("post" .
          [13 0 0 0])
  ("$this" .
           [51 0 0 0 0])
  ("view" .
          [7 0 0 0])
  ("$p" .
        [13 0])
  ("$name" .
           [35 0 0 0 0])
  ("cf" .
        [3 0])
  ("model" .
           [3 0 0 0 0])
  ("$phrase" .
             [1 0 0 0 0 0 0])
  ("$message" .
              [1 0 0 0 0 0 0 0])
  ("true" .
          [38 0 0 0])
  ("spam_filter" .
                 [1 0 0 0 0 0 0 0 0 0 0])
  ("thread" .
            [1 0 0 0 0 0])
  ("$result" .
             [7 0 0 0 0 0 0])
  ("$msg" .
          [3 0 0 0])
  ("$from" .
           [1 0 0 0 0])
  ("$save_dir" .
               [1 0 0 0 0 0 0 0 0])
  ("$image" .
            [3 0 0 0 0 0])
  ("db" .
        [3 0])
  ("$model" .
            [4 0 0 0 0 0])
  ("$records" .
              [3 0 0 0 0 0 0 0])
  ("$record" .
             [14 0 0 0 0 0 0])
  ("query" .
           [3 0 0 0 0])
  ("queryTest" .
               [1 0 0 0 0 0 0 0 0])
  ("$desc" .
           [2 0 0 0 0])
  ("$nums" .
           [1 0 0 0 0])
  ("$title" .
            [2 0 0 0 0 0])
  ("$ip" .
         [6 0 0])
  ("$id" .
         [20 0 0])
  ("execute" .
             [2 0 0 0 0 0 0])
  ("comments" .
              [1 0 0 0 0 0 0 0])
  ("title" .
           [1 0 0 0 0])
  ("$db" .
         [3 0 0])
  ("selectAll" .
               [1 0 0 0 0 0 0 0 0])
  ("countTest" .
               [1 0 0 0 0 0 0 0 0])
  ("fetchAll" .
              [1 0 0 0 0 0 0 0])
  ("$string" .
             [2 0 0 0 0 0 0])
  ("errors" .
            [1 0 0 0 0 0])
  ("Config" .
            [6 0 0 0 0 0])
  ("php" .
         [3 0 0])
  ("HttpException" .
                   [1 0 0 0 0 0 0 0 0 0 0 0 0])
  ("Param" .
           [2 0 0 0 0])
  ("findBoards" .
                [1 0 0 0 0 0 0 0 0 0])
  ("id" .
        [26 0])
  ("foo" .
         [5 0 0])
  ("bar" .
         [4 0 0])
  ("zero" .
          [1 0 0 0])
  ("Request" .
             [4 0 0 1 1 0 0])
  ("$" .
       [19])
  ("$pattern" .
              [3 0 0 0 0 0 0 0])
  ("$str" .
          [3 0 0 0])
  ("checkError" .
                [1 0 0 0 0 0 0 0 0 0])
  ("BbsValidate" .
                 [2 0 0 0 0 0 0 0 0 0 0])
  ("self" .
          [49 0 0 0])
  ("setRecord" .
               [1 0 0 0 0 0 0 0 0])
  ("run" .
         [9 0 0])
  ("ThreadValidate" .
                    [1 0 0 0 0 0 0 0 0 0 0 0 0 0])
  ("Validate" .
              [1 0 0 0 0 0 0 0])
  ("$class" .
            [2 0 0 0 0 0])
  ("setUri" .
            [1 0 0 0 0 0])
  ("$param" .
            [1 0 0 0 0 0])
  ("sanitize" .
              [6 0 0 0 0 0 0 0])
  ("$methodName" .
                 [5 0 0 0 0 0 0 0 0 0 0])
  ("get_called_class" .
                      [0 0 0 0 0 0 0 0 0 0 0 0 0 1 0 0])
  ("Input" .
           [12 0 0 0 0])
  ("Bbs" .
         [2 0 0])
  ("$offset" .
             [11 0 0 0 0 0 0])
  ("record" .
            [1 0 0 0 0 0])
  ("$board_id" .
               [9 0 0 0 0 0 0 0 0])
  ("board_id" .
              [1 0 0 0 0 0 0 0])
  ("$threads" .
              [4 0 0 0 0 0 0 0])
  ("findThreadsByBoardId" .
                          [1 0 0 0 0 0 0 0 0 0 0 0 0 0 0 0 0 0 0 0])
  ("$threadsNumber" .
                    [2 0 0 0 0 0 0 0 0 0 0 0 0 0])
  ("filter" .
            [11 0 0 0 0 0])
  ("PostAction" .
                [1 0 0 0 0 0 0 0 0 0])
  ("$nextAction" .
                 [6 0 0 0 0 0 0 0 0 0 0])
  ("nextAction" .
                [2 0 0 0 0 0 0 0 0 0])
  ("BbsController" .
                   [1 0 0 0 0 0 0 0 0 0 0 0 0])
  ("$path" .
           [5 0 0 0 0])
  ("$filename" .
               [7 0 0 0 0 0 0 0 0])
  ("render" .
            [5 0 0 0 0 0])
  ("activeBlock" .
                 [1 0 0 0 0 0 0 0 0 0 0])
  ("p" .
       [15])
  ("Element" .
             [1 0 0 0 0 0 0])
  ("__construct" .
                 [1 0 0 0 0 0 0 0 0 0 0])
  ("$data" .
           [2 0 0 0 0])
  ("_data" .
           [1 0 0 0 0])
  ("$limit" .
            [1 0 0 0 0 0])
  ("$_params" .
              [2 0 0 0 0 0 0 0])
  ("$_data" .
            [3 0 0 0 0 0])
  ("cc-modeif" .
               [0 0 1 0 0 0 0 0 0])
  ("$_SERVER" .
              [3 0 0 0 0 0 0 0])
  ("$useCache" .
               [1 0 0 0 0 0 0 0 0])
  ("server" .
            [5 0 0 0 0 0])
  ("uri" .
         [4 0 0])
  ("false" .
           [48 0 0 0 0])
  ("Background" .
                [0 0 0 0 0 0 0 0 0 1])
  ("slide-left-to-right" .
                         [1 0 0 0 0 0 0 0 0 0 0 0 0 0 0 0 0 0 0])
  ("PUBLIC_PATH" .
                 [1 0 0 0 0 0 0 0 0 0 0])
  ("$ext" .
          [3 0 0 0])
  ("$file" .
           [4 0 0 0 0])
  ("Upload" .
            [3 0 0 0 0 0])
  ("process" .
             [1 0 0 0 0 0 0])
  ("files" .
           [1 0 0 0 0])
  ("UploadException" .
                     [1 0 0 0 0 0 0 0 0 0 0 0 0 0 0])
  ("$dir" .
          [2 0 0 0])
  ("escapeshellarg" .
                    [0 0 0 0 0 0 0 0 0 0 0 0 0 2])
  ("Uri" .
         [2 0 0])
  ("ScheduleModel" .
                   [1 0 0 0 0 0 0 0 0 0 0 0 0])
  ("replace" .
             [1 0 0 0 0 0 0])
  ("$dinner" .
             [1 0 0 0 0 0 0])
  ("$lunch" .
            [1 0 0 0 0 0])
  ("$date" .
           [1 0 0 0 0])
  ("end" .
         [38 0 0])
  ("integer" .
             [19 0 0 0 0 0 0])
  ("acceleration" .
                  [0 0 0 0 2 0 0 0 0 0 0 0])
  ("real" .
          [11 0 0 0])
  ("parameter" .
               [9 0 0 0 0 0 0 0 0])
  ("OMEGA" .
           [6 0 0 0 0])
  ("omega" .
           [4 0 0 0 0])
  ("OMEGA0" .
            [2 0 0 0 0 0])
  ("next" .
          [58 0 0 0])
  ("x_i" .
         [1 0 0])
  ("x_curr" .
            [49 0 0 0 0 0])
  ("x_prev" .
            [31 0 0 0 0 0])
  ("DELTA_T" .
             [0 0 1 3 0 0 0])
  ("cos" .
         [1 0 0])
  ("x_next" .
            [13 0 0 0 0 0])
  ("function" .
              [9 0 0 0 0 0 0 0])
  ("energy" .
            [10 0 0 1 3 0])
  ("then" .
          [11 0 0 0])
  ("and" .
         [16 0 0])
  ("0d0" .
         [11 0 0])
  ("program" .
             [4 0 0 0 0 0 0])
  ("print" .
           [58 0 0 0 0])
  ("fun_pass_by_value" .
                       [0 0 0 0 0 1 0 0 0 0 0 0 0 0 0 0 1])
  ("res" .
         [30 0 0])
  ("fun_pass_by_reference" .
                           [0 0 0 0 0 0 0 0 0 0 0 0 0 0 0 1 0 0 0 0 0])
  ("contains" .
              [3 0 0 0 0 0 0 0])
  ("sub" .
         [6 0 0])
  ("eq1" .
         [3 0 0])
  ("eq2" .
         [2 0 0])
  ("equation_" .
               [0 0 0 0 1 0 0 0 0])
  ("equation_a" .
                [1 0 0 0 0 0 0 0 0 0])
  ("equation1" .
               [0 0 0 0 0 0 0 0 2])
  ("equation" .
              [6 0 0 2 0 0 0 3])
  ("Double" .
            [11 0 0 0 0 0])
  ("eq" .
        [1 0])
  ("_equation" .
               [0 0 0 0 1 0 0 0 0])
  ("Equation" .
              [1 0 0 0 0 0 0 0])
  ("do" .
        [2 0])
  ("endabstract" .
                 [1 0 0 3 0 0 0 0 0 0 0])
  ("Omega" .
           [1 0 0 0 0])
  ("0_dp" .
          [14 0 0 0])
  ("dble" .
          [6 0 0 0])
  ("accelerate" .
                [0 0 0 3 2 0 0 0 0 0])
  ("verlet" .
            [1 0 0 0 0 0])
  ("blocks" .
            [2 0 0 0 0 0])
  ("panic" .
           [6 0 0 0 0])
  ("kill-server" .
                 [1 0 0 0 0 0 0 0 0 0 0])
  ("stdio" .
           [7 0 0 0 0])
  ("uint" .
          [76 0 0 0])
  ("free" .
          [1 0 0 0])
  ("stack_top" .
               [9 0 0 0 0 0 0 0 0])
  ("stack_is_empty" .
                    [1 0 0 0 0 0 0 0 0 0 0 0 0 0])
  ("unsigned" .
              [0 0 0 0 1 0 0 0])
  ("stack_init" .
                [2 0 0 0 0 0 0 0 0 0])
  ("stack_push" .
                [2 0 0 0 0 0 0 0 0 0])
  ("ASSERT" .
            [11 0 0 0 0 0])
  ("stack_pop" .
               [4 0 0 0 0 0 0 0 0])
  ("exit" .
          [10 0 0 0])
  ("STACK_H" .
             [2 0 0 0 0 0 0])
  ("stdlib" .
            [2 0 0 0 0 0])
  ("MINUS" .
           [2 0 0 0 0])
  ("MULTI" .
           [2 0 0 0 0])
  ("PLUS" .
          [1 0 0 0])
  ("DIV" .
         [1 0 0])
  ("MAX" .
         [3 0 0])
  ("reveal" .
            [16 0 0 0 0 0])
  ("h1" .
        [2 0])
  ("h2" .
        [2 0])
  ("20px" .
          [12 0 0 0])
  ("10px" .
          [6 0 0 0])
  ("blue" .
          [1 0 0 0])
  ("15px" .
          [3 0 0 0])
  ("form" .
          [2 0 0 0])
  ("body" .
          [15 0 0 0])
  ("loop" .
          [27 0 0 0])
  ("use" .
         [7 0 0])
  ("utils" .
           [1 0 0 0 0])
  ("payload" .
             [1 0 0 0 0 0 0])
  ("2em" .
         [1 0 0])
  ("pos-left" .
              [2 0 0 0 0 0 0 0])
  ("angle" .
           [5 0 0 0 0])
  ("d_fun" .
           [1 0 0 0 0])
  ("d_fun2" .
            [1 0 0 0 0 0])
  ("math" .
          [5 0 0 0])
  ("f" .
       [23])
  ("sqrt" .
          [11 0 0 0])
  ("rand" .
          [5 0 0 0])
  ("RAND" .
          [3 0 0 0])
  ("S_A" .
         [3 0 0])
  ("S_C" .
         [3 0 0])
  ("RAND_MAX" .
              [1 0 0 0 0 0 0 0])
  ("pow" .
         [1 0 0])
  ("fabs" .
          [1 0 0 0])
  ("M_PI" .
          [1 0 0 0])
  ("S_B" .
         [1 0 0])
  ("force" .
           [2 0 0 0 0])
  ("scanf" .
           [4 0 0 0 0])
  ("turn_A" .
            [6 0 0 0 1 0])
  ("min_v" .
           [2 0 0 0 0])
  ("tmp" .
         [6 0 0])
  ("import" .
            [0 0 0 0 0 1])
  ("Scanf" .
           [6 0 0 0 0])
  ("append" .
            [22 0 0 0 0 0])
  ("StoI" .
          [4 0 0 0])
  ("ItoS" .
          [4 0 0 0])
  ("color" .
           [7 0 0 0 0])
  ("fifo" .
          [1 0 0 0])
  ("que" .
         [4 0 0])
  ("state" .
           [12 0 0 0 0])
  ("State" .
           [1 0 0 0 0])
  ("Front" .
           [1 0 0 0 0])
  ("Empty" .
           [3 0 0 0 0])
  ("field" .
           [72 0 0 0 0])
  ("newPath" .
             [6 0 0 0 0 0 0])
  ("setAlign" .
              [0 0 0 1 0 0 1 0])
  ("swap" .
          [3 0 0 0])
  ("bottom" .
            [8 0 0 0 0 0])
  ("showWithCounter" .
                     [1 0 0 0 0 0 0 0 1 0 0 0 0 0 0])
  ("Millisecond" .
                 [0 0 0 1 0 0 0 0 0 0 0])
  ("0x200" .
           [1 0 0 0 0])
  ("mask" .
          [14 0 0 0])
  ("cubic32" .
             [0 0 0 0 1 0 0])
  ("bitSeparate" .
                 [0 0 0 0 0 1 0 0 0 0 0])
  ("binSearch" .
               [1 0 0 0 1 0 0 0 0])
  ("testBinSearch" .
                   [0 0 0 0 0 0 0 1 0 0 0 0 0])
  ("arr2" .
          [1 0 0 0])
  ("bold" .
          [5 0 0 0])
  ("Ansi" .
          [1 0 0 0])
  ("core" .
          [0 0 0 1])
  ("Get" .
         [7 0 0])
  ("test4" .
           [1 0 0 0 0])
  ("nlz" .
         [1 0 0])
  ("rightShift" .
                [1 0 0 0 0 0 0 0 0 0])
  ("BASE" .
          [1 0 0 0])
  ("leftShift" .
               [0 0 0 1 0 0 0 0 0])
  ("xor" .
         [2 0 0])
  ("r1" .
        [6 0])
  ("res1" .
          [4 0 0 0])
  ("r2" .
        [8 0])
  ("res2" .
          [4 0 0 0])
  ("receiver" .
              [4 0 0 5 5 0 0 0])
  ("SIZE" .
          [2 0 0 0])
  ("makeHash" .
              [1 0 0 0 0 0 0 0])
  ("last" .
          [8 0 0 0])
  ("compare" .
             [2 0 0 0 0 0 0])
  ("newHeap" .
             [3 0 0 0 0 0 0])
  ("heap" .
          [33 0 0 0])
  ("bufr" .
          [3 0 0 0])
  ("bufio" .
           [1 0 0 0 0])
  ("Close" .
           [2 0 0 0 0])
  ("FileName" .
              [1 0 0 0 0 0 0 0])
  ("readLines" .
               [1 0 0 0 0 0 0 0 0])
  ("setWords" .
              [1 0 0 0 0 0 0 0])
  ("MakeTrie" .
              [3 0 0 0 0 0 0 0])
  ("TrieTree" .
              [6 0 0 0 3 2 0 0])
  ("children" .
              [21 0 0 0 0 0 0 0])
  ("TERMINAL" .
              [1 0 0 0 0 0 0 0])
  ("WORDS_FILE" .
                [1 0 0 0 0 0 0 0 0 0])
  ("utf8" .
          [9 0 0 0])
  ("Sleep" .
           [1 0 0 0 0])
  ("std" .
         [9 0 0])
  ("Max" .
         [5 0 0])
  ("Min" .
         [2 0 0])
  ("track" .
           [16 0 0 0 0])
  ("b" .
       [20])
  ("isDelete" .
              [1 0 0 0 0 0 0 0])
  ("isMatch" .
             [11 0 0 1 0 0 0])
  ("byte" .
          [9 0 0 0])
  ("Count" .
           [6 0 0 0 0])
  ("incr" .
          [2 0 0 0])
  ("Xchar" .
           [3 0 0 0 0])
  ("Ychar" .
           [3 0 0 0 0])
  ("Xwidth" .
            [2 0 0 0 0 0])
  ("Ywidth" .
            [1 0 0 0 0 0])
  ("utf" .
         [8 0 0])
  ("Rank" .
          [2 0 0 0])
  ("newUTF" .
            [3 0 0 0 0 0])
  ("UTF" .
         [1 0 0])
  ("Valid" .
           [1 0 0 0 0])
  ("YLen" .
          [2 0 0 0])
  ("ValidString" .
                 [1 0 0 0 0 0 0 0 0 0 0])
  ("Init" .
          [1 0 0 0])
  ("RuneCount" .
               [0 0 0 0 2 0 0 0 0])
  ("xIndex" .
            [8 0 0 0 0 0])
  ("yIndex" .
            [2 0 0 0 0 0])
  ("xSize" .
           [3 0 0 0 0])
  ("getIndex" .
              [2 0 0 0 0 0 0 0])
  ("size1" .
           [1 0 0 0 0])
  ("ySize" .
           [1 0 0 0 0])
  ("RuneCountString" .
                     [1 0 0 0 0 0 0 0 0 0 0 0 0 0 0])
  ("RuneCountInString" .
                       [2 0 0 0 0 0 0 0 0 0 0 0 0 0 0 0 0])
  ("posCurr" .
             [8 0 0 0 0 0 0])
  ("posPrev" .
             [7 0 0 0 0 0 0])
  ("isDeleteX" .
               [0 0 0 0 0 0 0 0 1])
  ("isReplaceX" .
                [0 0 0 0 0 1 0 0 0 0])
  ("totalCost" .
               [1 0 0 0 0 0 0 0 0])
  ("els" .
         [1 0 0])
  ("functools" .
               [1 0 0 0 0 0 0 0 0])
  ("MakeFail" .
              [3 0 1 0 0 0 0 0])
  ("pattern2" .
              [1 0 0 0 0 0 0 0])
  ("showAll" .
             [1 0 0 0 0 0 0])
  ("Fail" .
          [1 0 0 0])
  ("FailTest" .
              [1 0 0 0 0 0 0 0])
  ("TestFail" .
              [1 0 0 0 0 0 0 0])
  ("Cost" .
          [4 0 0 0])
  ("charSet" .
             [4 0 0 0 0 0 0])
  ("rface" .
           [1 0 0 0 0])
  ("charHistogram" .
                   [0 0 0 1 2 0 3 0 2 0 0 0 1])
  ("exists" .
            [3 0 0 0 0 0])
  ("Loop" .
          [1 0 0 0])
  ("InProduct" .
               [0 0 0 0 0 2 0 0 0])
  ("slice" .
           [3 0 0 0 0])
  ("copy" .
          [1 0 0 0])
  ("after" .
           [6 0 0 0 0])
  ("before" .
            [7 0 0 0 0 0])
  ("Slice" .
           [2 0 0 0 0])
  ("faceA" .
           [1 0 0 0 0])
  ("ansA" .
          [1 0 0 0])
  ("faceB" .
           [1 0 0 0 0])
  ("ansB" .
          [1 0 0 0])
  ("trials" .
            [11 0 0 1 0 0])
  ("error" .
           [6 0 0 0 0])
  ("Tuple" .
           [6 0 0 0 0])
  ("tuple" .
           [11 0 0 0 0])
  ("tuples" .
            [4 0 0 0 0 0])
  ("TranposeTuple" .
                   [0 0 0 0 0 0 0 0 0 1 0 0 0])
  ("Play" .
          [2 0 0 0])
  ("ShowWeights" .
                 [1 0 0 0 0 0 0 0 0 0 0])
  ("Sprintf" .
             [2 0 0 0 0 0 0])
  ("itemsL" .
            [2 0 0 0 0 0])
  ("predicted" .
               [3 0 0 0 0 0 0 0 0])
  ("SEPARETOR" .
               [0 0 0 1 0 0 0 0 0])
  ("MERGIN" .
            [1 0 0 0 0 0])
  ("basetime" .
              [3 0 0 0 0 0 0 0])
  ("Nanoseconds" .
                 [2 0 0 0 1 0 0 0 0 0 0])
  ("Sub" .
         [1 0 0])
  ("ok1" .
         [2 0 0])
  ("ok2" .
         [2 0 0])
  ("ldfunc" .
            [1 0 0 0 0 0])
  ("Test" .
          [1 0 0 0])
  ("webHandler" .
                [1 0 0 0 0 0 0 0 0 0])
  ("received" .
              [2 0 0 0 0 0 0 0])
  ("Receive" .
             [0 0 0 0 0 0 1])
  ("response" .
              [1 0 0 0 0 0 0 0])
  ("http" .
          [10 0 0 0])
  ("ioutil" .
            [2 0 0 0 0 0])
  ("Handler" .
             [6 0 0 0 0 0 0])
  ("HandleFile" .
                [2 0 0 0 0 0 0 0 0 0])
  ("Handle" .
            [1 0 0 0 0 0])
  ("ResponseWriter" .
                    [0 0 0 0 0 0 0 0 1 0 0 0 0 0])
  ("Error" .
           [2 0 0 0 0])
  ("Write" .
           [1 0 0 0 0])
  ("isEnter" .
             [1 0 0 0 0 0 0])
  ("event" .
           [11 0 0 0 0])
  ("eee" .
         [5 0 0])
  ("1px" .
         [3 0 0])
  ("empty" .
           [1 0 0 0 0])
  ("websocket" .
               [1 0 0 0 0 0 0 0 0])
  ("ws" .
        [2 0])
  ("log" .
         [5 0 0])
  ("request" .
             [3 0 0 0 0 0 0])
  ("access" .
            [2 0 0 0 0 0])
  ("WriteString" .
                 [1 0 0 0 0 0 0 0 0 0 0])
  ("req" .
         [3 0 0])
  ("on" .
        [1 0])
  ("PROXY_CONFIG" .
                  [1 0 0 0 0 0 0 0 0 0 0 0])
  ("PROXY_CONFIG_PRIVOXY" .
                          [0 0 0 0 0 0 0 0 0 0 0 0 0 0 0 0 1 0 0 0])
  ("CONFIG" .
            [1 0 0 0 0 0])
  ("variance" .
              [4 0 1 0 0 0 0 0])
  ("unbiased_variance" .
                       [0 0 0 0 1 2 0 0 0 0 0 0 0 0 0 0 0])
  ("uint64" .
            [14 0 0 0 0 0])
  ("Tree" .
          [2 0 0 0])
  (":a" .
        [4 0])
  (":b" .
        [4 0])
  (":c" .
        [3 0])
  ("getf" .
          [2 0 0 0])
  ("setf" .
          [7 0 0 0])
  ("hello-world" .
                 [1 0 0 0 0 0 0 0 0 0 0])
  ("defvar" .
            [1 0 0 0 0 0])
  ("*db*" .
          [2 0 0 0])
  ("cons" .
          [4 0 0 0])
  ("cddr" .
          [1 0 0 0])
  ("dolist" .
            [1 0 0 0 0 0])
  ("l" .
       [4])
  ("&key" .
          [1 0 0 0])
  ("fun1" .
          [3 0 0 0])
  ("*save*" .
            [9 0 0 0 0 0])
  ("dequeue!" .
              [6 0 0 0 0 0 0 0])
  ("append!" .
             [1 0 0 0 0 0 0])
  ("make-queue" .
                [4 0 0 0 0 0 0 1 0 0])
  ("enqueue" .
             [4 0 0 0 0 0 0])
  ("enqueue!" .
              [6 0 0 0 0 0 0 0])
  ("*queue*" .
             [6 0 0 0 0 0 0])
  ("e" .
       [3])
  ("define-corutine" .
                     [3 0 0 0 0 0 0 0 0 0 0 0 0 0 0])
  ("dequeue" .
             [2 0 0 0 0 0 0])
  ("three" .
           [4 0 0 0 0])
  ("idx" .
         [18 0 0])
  ("newval" .
            [1 0 0 0 0 0])
  ("board" .
           [52 0 0 0 0])
  ("point" .
           [46 0 0 0 0])
  ("to-idx" .
            [4 0 0 0 0 0])
  ("p2" .
        [17 0])
  ("p1" .
        [14 0])
  ("get-id" .
            [16 0 0 0 0 0])
  ("iota" .
          [10 0 0 0])
  ("inner" .
           [1 0 0 0 0])
  ("map-inner-region" .
                      [1 0 0 0 0 0 0 0 0 0 0 0 0 0 0 0])
  ("vector-map" .
                [3 0 0 0 0 0 0 0 0 0])
  ("idx-to-point" .
                  [2 0 0 0 0 0 0 0 0 0 0 0])
  ("call-with-inner-region" .
                            [3 0 0 0 0 0 0 0 0 0 0 0 0 0 0 0 0 0 0 0 0 0])
  ("0.8" .
         [2 0 0])
  ("*iterate*" .
               [1 0 0 0 2 0 0 0 0])
  ("*rate*" .
            [3 0 0 0 0 0])
  ("connect!" .
              [7 0 0 0 0 0 0 0])
  ("search-connect-val" .
                        [1 0 0 0 0 0 0 0 0 0 0 0 0 0 0 0 0 0])
  ("search-connect" .
                    [1 0 0 0 0 0 0 0 0 0 0 0 0 1])
  ("is-connect" .
                [1 0 0 0 0 0 0 0 0 0])
  ("is-connect?" .
                 [2 0 0 0 0 0 0 0 0 0 0])
  ("get-adj-pt" .
                [4 0 0 0 0 0 0 0 0 0])
  ("generate-map-sub" .
                      [3 0 0 0 0 0 0 0 0 0 0 0 0 0 0 0])
  ("filter-y" .
              [2 0 0 0 0 0 0 0])
  ("filter-x" .
              [2 0 0 0 0 0 0 0])
  ("adj-left" .
              [1 0 0 0 0 0 0 0])
  ("cut" .
         [20 0 0])
  ("point-map" .
               [5 0 0 0 0 0 0 0 0])
  ("<>" .
        [22 0])
  ("adj-right" .
               [8 0 0 0 0 0 0 0 0])
  ("compose" .
             [5 0 0 0 0 0 0])
  ("adj-bottom" .
                [2 0 0 0 0 0 0 0 0 0])
  ("generate-map" .
                  [8 0 0 0 0 0 0 0 0 0 0 0])
  ("generate" .
              [3 0 0 0 1 0 0 1])
  ("dotimes" .
             [2 0 0 0 0 0 0])
  ("show-board" .
                [18 0 0 0 0 0 0 0 0 0])
  ("current-point" .
                   [4 0 0 0 0 0 0 0 0 0 0 0 0])
  ("wall" .
          [2 0 0 0])
  ("adj-pt" .
            [1 0 0 0 0 0])
  ("region?" .
             [1 0 0 0 0 0 0])
  ("condition" .
               [2 0 0 0 0 0 0 0 0])
  ("next-point" .
                [7 0 0 0 0 0 0 0 0 0])
  ("curr-point" .
                [20 0 0 0 0 0 0 0 0 0])
  ("id-curr" .
             [4 0 0 0 0 0 0])
  ("id-next" .
             [4 0 0 0 0 0 0])
  ("adj-point" .
               [2 0 0 0 0 0 0 0 0])
  ("generate-map-test" .
                       [1 0 0 0 0 0 0 0 0 0 0 0 0 0 0 0 0])
  ("region-shrink-" .
                    [0 0 0 0 0 0 0 0 0 0 0 0 0 1])
  ("region-shrink-X?" .
                      [1 0 0 0 0 0 0 0 0 1 0 0 0 0 0 0])
  (">=" .
        [5 0])
  ("generate-map-main" .
                       [1 0 0 0 0 0 0 0 0 0 0 0 0 0 0 0 0])
  ("generate-map!" .
                   [2 0 0 0 0 0 0 0 0 0 0 0 0])
  ("point-to-idx" .
                  [1 0 0 0 0 0 0 0 0 0 0 0])
  ("1.0" .
         [2 0 0])
  ("is-X-region?" .
                  [2 0 0 0 0 0 0 0 0 0 0 0])
  ("make-board" .
                [6 0 0 0 0 0 0 0 0 0])
  ("is-Y-region?" .
                  [1 0 0 0 0 0 0 0 0 0 0 0])
  ("vector-for-each" .
                     [1 0 0 0 0 0 0 0 0 0 0 0 0 0 0])
  ("b2" .
        [4 0])
  ("connect" .
             [3 0 0 0 0 0 0])
  ("v1" .
        [4 0])
  ("v2" .
        [2 0])
  ("number-to-symbol" .
                      [2 0 0 0 0 0 0 0 0 0 0 0 0 0 0 0])
  ("to-symbols" .
                [2 0 0 0 0 0 0 0 0 0])
  ("arity" .
           [1 0 0 0 0])
  ("generate-random-map!" .
                          [1 0 0 0 0 0 0 0 0 0 0 0 0 0 0 0 0 0 0 0])
  ("id2" .
         [1 0 0])
  ("define-method" .
                   [13 0 0 0 0 0 0 0 0 0 0 0 0])
  ("initialize" .
                [0 0 0 0 0 1 0 0 0 0])
  ("<field>" .
             [5 0 0 0 0 0 0])
  ("align" .
           [5 0 0 0 0])
  ("arg" .
         [1 0 0])
  ("get-point" .
               [1 0 0 0 0 0 0 0 0])
  ("let-args" .
              [1 0 0 0 0 0 0 0])
  ("shuffle!" .
              [1 0 0 0 0 0 0 0])
  ("-2" .
        [3 0])
  ("pair-shuffle-for-each" .
                           [1 0 0 0 0 0 0 0 0 0 0 0 0 0 0 0 0 0 0 0 0])
  ("not-eq?" .
             [1 0 0 0 0 0 0])
  ("sleep" .
           [2 0 0 0 0])
  ("ghc-init" .
              [1 0 0 0 0 0 0 0])
  ("EC2_USER_HOME/security/x509/hogehoge.pem" .
                                              [1 0 0 0 0 0 0 0 0 0 0 0 0 0 0 0 0 0 0 0 0 0 0 0 0 0 0 0 0 0 0 0 0 0 0 0 0 0 0 0])
  ("save" .
          [2 0 0 0])
  ("File" .
          [3 0 0 0])
  ("striped" .
             [1 0 0 0 0 0 0])
  ("txt" .
         [1 0 0])
  ("newName" .
             [1 0 0 0 0 0 0])
  ("take" .
          [4 0 0 0])
  ("name->count" .
                 [3 0 0 0 0 0 0 0 0 0 0])
  ("lines->names" .
                  [3 0 0 0 0 0 0 0 0 0 0 0])
  ("read-file" .
               [3 0 0 0 0 0 0 0 0])
  ("file->list" .
                [1 0 0 0 0 0 0 0 0 0])
  ("pentagonal?" .
                 [2 0 0 0 0 0 0 0 0 0 0])
  ("scilib" .
            [1 0 0 0 0 0])
  ("dft" .
         [1 0 0])
  ("s1" .
        [1 0])
  ("make-series" .
                 [1 0 0 0 0 0 0 0 0 0 0])
  ("series" .
            [4 0 0 0 0 0])
  ("s2" .
        [1 0])
  ("s3" .
        [1 0])
  ("*mt*" .
          [2 0 0 0])
  ("exp-random" .
                [2 0 0 0 0 0 0 0 0 0])
  ("prob" .
          [6 0 0 0])
  ("mt-random-real" .
                    [0 0 1 0 0 0 0 0 0 0 0 0 0 0])
  ("power-random" .
                  [0 0 0 0 0 0 0 0 1 0 0 0])
  ("<integer>" .
               [3 0 0 0 0 0 0 0 0])
  ("<matrix>" .
              [7 0 0 0 0 0 0 0])
  ("=:" .
        [18 0])
  ("m0" .
        [3 0])
  ("m7" .
        [4 0])
  ("decompose" .
               [0 0 0 0 0 0 0 0 1])
  ("m4" .
        [11 0])
  ("mapper" .
            [1 0 0 0 0 0])
  ("map-with-index" .
                    [1 0 0 0 0 0 0 0 0 0 0 0 0 0])
  ("inexact" .
             [5 0 0 0 0 0 0])
  ("m3" .
        [5 0])
  ("do-ec" .
           [13 0 0 0 0])
  ("decompose-LUP" .
                   [4 0 0 0 0 0 0 0 0 0 0 0 0])
  ("list-ec" .
             [3 0 0 0 0 0 0])
  ("<" .
       [1])
  ("make-unit-square-matrix" .
                             [0 0 0 0 0 0 0 0 3 1 0 0 0 0 0 0 0 0 0 0 0 0 0])
  (":init" .
           [2 0 0 0 0])
  (":col" .
          [3 0 0 0])
  (":row" .
          [2 0 0 0])
  ("m5" .
        [10 0])
  ("m1" .
        [2 0])
  ("pivotize" .
              [3 0 0 0 0 1 1 0])
  ("row-length" .
                [4 0 0 0 1 0 0 0 0 1])
  ("col-length" .
                [1 0 0 0 0 0 0 2 0 0])
  ("duplicate" .
               [1 0 0 0 0 0 0 0 0])
  ("swap!" .
           [1 0 0 0 0])
  ("PA" .
        [1 0])
  ("<vector>" .
              [3 0 0 0 0 0 0 0])
  ("inverse" .
             [7 0 0 0 0 0 0])
  ("vec" .
         [3 0 0])
  ("inv" .
         [3 0 0])
  (":print" .
            [16 0 0 0 0 0])
  ("class-of" .
              [1 0 0 0 0 0 0 0])
  ("vector-map-with-index" .
                           [2 0 0 0 0 0 0 0 0 0 0 0 0 0 0 0 0 0 0 0 0])
  ("round-off" .
               [2 0 0 0 0 0 0 0 0])
  (":wolfram" .
              [4 0 0 0 0 0 0 0])
  ("transpose" .
               [23 0 0 0 0 0 0 0 0])
  ("math.stat" .
               [3 0 0 0 0 0 0 0 0])
  ("read-nums" .
               [1 0 0 0 0 0 0 0 0])
  ("file->line" .
                [1 0 0 0 0 0 0 0 0 0])
  ("covariance" .
                [1 0 0 0 0 0 0 0 0 0])
  ("self-covariance" .
                     [1 0 0 0 0 0 0 0 0 0 0 0 0 0 0])
  ("self-cov" .
              [1 0 0 0 0 0 0 0])
  ("cov" .
         [1 0 0])
  ("expected-value" .
                    [1 0 0 0 0 1 0 1 0 0 0 0 0 0])
  ("covariance-matrix" .
                       [1 0 0 0 0 0 0 0 0 0 0 0 0 0 0 0 0])
  ("sgn" .
         [1 0 0])
  ("whitening" .
               [0 0 0 0 0 0 0 0 6])
  ("whitening-matrix" .
                      [0 0 0 0 0 0 0 0 0 0 0 0 0 2 1 0])
  ("out1" .
          [2 0 0 0])
  ("out2" .
          [2 0 0 0])
  ("in1" .
         [1 0 0])
  ("vector->diag" .
                  [1 0 0 0 0 0 0 0 0 0 0 0])
  ("vals" .
          [1 0 0 0])
  ("assoc-ref" .
               [3 0 0 0 0 0 0 0 0])
  ("specs" .
           [18 0 0 0 0])
  ("sub-chunk-2-size" .
                      [1 0 0 0 0 0 0 0 0 0 0 0 0 0 0 0])
  ("show-info" .
               [2 0 0 0 0 0 0 0 0])
  ("read-byte" .
               [2 0 0 0 0 0 0 0 0])
  ("bits-per-sample" .
                     [1 0 0 0 0 0 0 0 1 0 0 0 0 0 0])
  ("block-align" .
                 [5 0 0 0 1 1 1 1 0 0 1])
  ("num-channels" .
                  [0 0 0 0 2 0 0 0 0 0 0 0])
  ("eof-object?" .
                 [0 0 0 2 0 0 0 0 0 0 0])
  ("channels" .
              [5 0 0 0 0 0 0 0])
  ("groups" .
            [2 0 0 0 0 0])
  ("bytes->uint" .
                 [1 0 0 0 0 0 0 0 0 0 0])
  ("do-while" .
              [2 0 0 0 0 0 0 0])
  ("end?" .
          [1 0 0 0])
  ("nbyte" .
           [1 0 0 0 0])
  ("call-with-input-file" .
                          [0 0 0 0 0 0 0 0 0 0 0 0 0 0 0 1 0 0 0 0])
  ("while" .
           [1 0 0 0 0])
  ("file->stream" .
                  [3 0 0 0 0 0 0 0 0 0 0 0])
  ("open-input-file" .
                     [0 0 0 0 0 0 0 0 0 0 0 0 0 0 1])
  ("read-nbyte" .
                [1 0 0 0 0 0 0 0 0 0])
  ("make-std-output" .
                     [2 0 0 0 0 0 0 0 0 0 0 0 0 0 0])
  ("make-output" .
                 [2 0 0 0 0 0 0 0 0 0 0])
  ("file->lines" .
                 [5 0 0 0 0 0 0 0 0 0 0])
  ("separate-specs" .
                    [0 0 0 0 0 0 1 0 1 0 0 0 0 0])
  ("receive" .
             [2 0 0 0 0 0 0])
  ("specs-model" .
                 [1 0 0 0 0 0 0 0 0 0 0])
  ("wav-specs-model" .
                     [1 0 0 0 0 0 0 0 0 0 0 0 0 0 0])
  ("spec" .
          [9 0 0 0])
  ("string->value" .
                   [1 0 0 0 0 0 0 0 0 0 0 0 0])
  ("string->type" .
                  [1 0 0 0 0 0 0 0 0 0 0 0])
  ("run-encode-specs" .
                      [1 0 0 0 0 0 0 0 0 0 0 0 0 0 0 0])
  ("endian" .
            [3 0 0 0 0 0])
  ("endian-order" .
                  [1 0 0 0 0 0 0 0 0 0 0 0])
  ("?=specs" .
             [2 0 0 0 0 0 0])
  ("block" .
           [7 0 0 0 0])
  ("pop!" .
          [1 0 0 0])
  ("int->bytes" .
                [4 0 0 0 0 0 0 0 0 0])
  (":optional" .
               [6 0 0 0 0 0 0 0 0])
  ("bytes-length" .
                  [13 0 0 0 0 0 0 0 0 0 0 0])
  ("bits-length" .
                 [3 0 0 0 0 0 0 0 0 0 2])
  ("xffffffff" .
               [1 0 0 0 0 0 0 0 0])
  ("ash" .
         [5 0 0])
  ("byte-rate" .
               [0 0 0 0 0 0 0 1 0])
  ("logand" .
            [3 0 0 0 0 0])
  ("logxor" .
            [3 0 0 0 0 0])
  ("uint->bytes" .
                 [1 0 0 0 0 0 0 0 0 0 0])
  ("byte->hex" .
               [5 0 0 0 0 0 0 0 0])
  ("?=nbyte" .
             [1 0 0 0 0 0 0])
  ("string-split" .
                  [1 0 0 0 0 0 0 0 0 0 0 0])
  ("show-specs" .
                [0 0 0 0 0 1 0 0 0 0])
  ("hook-id" .
             [1 0 0 0 0 0 0])
  ("nums" .
          [2 0 0 0])
  ("download" .
              [4 0 0 0 0 0 0 0])
  ("URL" .
         [10 0 0])
  (":uri" .
          [1 0 0 0])
  ("uri_post" .
              [4 0 0 0 0 0 0 0])
  (":headers" .
              [1 0 0 0 0 0 0 0])
  (":query" .
            [1 0 0 0 0 0])
  ("message" .
             [6 0 0 0 0 0 0])
  ("mail" .
          [6 0 0 0])
  ("bbs_name" .
              [5 0 0 0 0 0 0 0])
  ("bbs_number" .
                [4 0 0 0 0 0 0 0 0 0])
  ("Time" .
          [1 0 0 0])
  ("now" .
         [1 0 0])
  ("MESSAGE" .
             [0 0 0 0 0 0 1])
  ("!/bin/bash" .
                [1 0 0 0 0 0 0 0 0 0])
  ("cat" .
         [1 0 0])
  ("output" .
            [1 0 0 0 0 0])
  ("/tmp/subset-template.pe" .
                             [0 0 0 0 0 0 0 0 1 0 0 0 0 0 0 0 0 0 0 0 0 0 0])
  ("fff" .
         [2 0 0])
  ("tb-style" .
              [3 0 0 0 0 0 0 0])
  ("ccc" .
         [1 0 0])
  ("ff8a77" .
            [1 0 0 0 0 0])
  ("text-decoration" .
                     [0 1 0 0 0 0 0 0 0 0 0 0 0 0 0])
  ("big" .
         [1 0 0])
  ("failed" .
            [1 0 0 0 0 0])
  ("gmail" .
           [1 0 0 0 0])
  ("com:993" .
             [1 0 0 0 0 0 0])
  ("opts" .
          [2 0 0 0])
  (":user" .
           [2 0 0 0 0])
  (":host" .
           [2 0 0 0 0])
  (":username" .
               [2 0 0 0 0 0 0 0 0])
  (":password" .
               [1 0 0 0 0 0 0 0 0])
  (":mail" .
           [1 0 0 0 0])
  ("mailer" .
            [1 0 0 0 0 0])
  ("tb-main" .
             [4 0 0 0 0 0 0])
  ("5px" .
         [2 0 0])
  ("25px" .
          [3 0 0 0])
  ("img" .
         [1 0 0])
  ("pic" .
         [1 0 0])
  ("pkill" .
           [1 0 0 0 0])
  ("plus-vanilla" .
                  [0 0 0 0 0 1 0 0 0 0 0 0])
  ("&rest" .
           [4 0 0 0 0])
  ("plus-typed" .
                [1 0 0 0 0 0 0 0 0 0])
  ("qsort" .
           [3 0 0 0 0])
  ("vlen" .
          [2 0 0 0])
  ("disasse" .
             [0 0 0 1 0 0 0])
  ("disassemble" .
                 [0 0 0 0 0 0 0 0 1 0 0])
  ("lambda" .
            [15 0 0 0 0 0])
  ("evenp" .
           [1 0 0 0 0])
  ("remove-if" .
               [1 0 0 0 0 0 0 0 0])
  ("rec1" .
          [1 0 0 0])
  ("compose1" .
              [1 0 0 0 0 0 0 0])
  ("funcall" .
             [5 0 0 0 0 0 0])
  ("read_lines" .
                [3 0 0 0 0 0 0 0 0 0])
  ("likelihood" .
                [1 0 0 0 0 0 1 0 0 0])
  ("read" .
          [9 0 0 0])
  ("key_count" .
               [1 0 0 0 0 0 0 0 0])
  ("sum_log" .
             [2 0 0 0 0 0 0])
  ("freq" .
          [2 0 0 0])
  ("coef" .
          [1 0 0 0])
  ("html" .
          [1 0 0 0])
  ("xforest" .
             [3 0 0 0 0 0 0])
  (":l" .
        [2 0])
  (":r" .
        [2 0])
  ("keyroot" .
             [10 0 0 0 0 0 0])
  ("yforest" .
             [1 0 0 0 0 0 0])
  ("Forest" .
            [2 0 0 0 0 0])
  ("r:" .
        [1 0])
  ("t1" .
        [1 0])
  ("index:" .
            [1 0 0 0 0 0])
  ("i1" .
        [4 0])
  (":index" .
            [2 0 0 0 0 0])
  ("forest" .
            [3 0 0 0 0 0])
  ("rightmost_tree" .
                    [1 0 0 0 0 0 0 0 0 0 0 0 0 0])))
